 150.09999999999772 -0.6603193080063707 -0.6632367528700434 -0.0005860618639421005 -0.00106687175185558 0.013640750422285826 -0.0002068632462232646 -0.00588333401118958 0.004310770148199802 0.019282450109145248 -0.003637457540643138 -0.010203505390461443 0.01712651880813519
 750.0199999995581 -0.6604247508025296 -0.6726858509756602 -0.009918436777436347 -0.005080088827029694 0.13247329150389864 0.0008429278321213026 -0.007830475089116608 -0.008927727924529304 0.14734055919543698 -0.0020510229941803843 0.0071052347779409775 0.141423327565931
 1200.019999999362 -0.6605837302335096 -0.6914555150367866 -0.02567084160468548 -0.004407617924567292 0.2205931096900353 0.0012539141101935033 -0.01220249626354943 -0.009773185992081256 0.24231647116811098 -0.03585199807720841 -0.0013266612696748506 0.22954687498067308
 1500.0199999990318 -0.6603377620428177 -0.7106057015718205 -0.04204745363993082 -0.009997993747240183 0.2713401393941153 0.002767903004758148 -0.04138455692821173 -0.006892852881585591 0.2952297902479103 -0.05480291879860974 -0.013933180261773332 0.2802067004160306
 1800.019999999012 -0.6594736707695126 -0.7195749935036088 -0.05464810765091593 -0.011028522424742488 0.3133286922127904 0.002775432555505685 -0.053521320965751955 -0.01710277304238623 0.33103534278660846 -0.053156581093374074 -0.007764896984387038 0.3260032648795671
 2100.0199999980705 -0.6561531660289684 -0.7125721390106844 -0.0706768526506205 -0.011670245168107359 0.3256449441757111 0.0033262070395473305 -0.07540191626166097 -0.006224845709164032 0.3517847025552787 -0.07999946682001083 -0.021692647696496946 0.3435604537262393
 2400.0199999980255 -0.645092614666437 -0.6248342748852159 -0.06813891705282853 -0.008935888475557877 0.28861396282774865 0.004310812402899105 -0.07376159039716976 -0.008890358945225822 0.30024842257219814 -0.07001600352671548 -0.01682628438570821 0.29500564402688395
 2700.0199999981237 -0.6266976974119146 -0.446281456983542 -0.05766345493305986 -0.00975406805099741 0.20555747494367138 0.0059588503253949045 -0.06221806606861403 -0.014959136990411799 0.210831995784737 -0.051214853343560886 -0.004587296160473257 0.2186824445902305
 3000.019999997114 -0.6125923951693897 -0.31936260971093106 -0.05342661453318917 -0.006376168730442326 0.17526955225934945 0.007599508545322364 -0.06116408038321938 -0.013663972357077976 0.18190862912540728 -0.06311087502443086 -0.0034085033034093027 0.16923278709271178
 3300.0199999969404 -0.6043125785005262 -0.25430784019329505 -0.05645780333056754 -0.005168816159511801 0.1618527229663927 0.00849582211800829 -0.052910112492162244 0.005639505539517964 0.1717598384568811 -0.053697733341350876 -0.014084249463388002 0.16732800883798424
 3600.0199999966926 -0.5986857610139475 -0.22812245380405505 -0.06162293140042465 -0.003094596440337488 0.1627718405728697 0.009446884424355066 -0.05315427766304919 0.0016477062359067287 0.1607063764475747 -0.0607805608007465 -0.0024030865377491777 0.16341336204943144
 3900.019999996078 -0.5952091255191785 -0.21811445554751335 -0.06629596851757676 -0.0069665059200618214 0.16338768548228808 0.009445813225855401 -0.07879135331681848 -0.0015330219022723643 0.16384148706799562 -0.06396753627200714 -0.013097053911118997 0.16195640488526053
 4200.019999999329 -0.592517452919227 -0.21797339532379878 -0.07184818577655194 -0.003543280150909129 0.1636081540823307 0.010306825181749394 -0.06281377878211478 -0.0008013461339232311 0.16090308127779196 -0.0701654165359868 -0.007332127551028447 0.17357149007347406
 4500.000000004833 -0.5903676578085632 -0.22297460992241486 -0.07955158959125357 -0.0002580256744675071 0.16684505468733285 0.00996222426840491 -0.08665974593695765 -0.000534545639243731 0.1639814635228283 -0.08044820310623442 -0.0013983187006457608 0.16382416481209927
 4800.000000011837 -0.58838163778564 -0.23071810600855494 -0.08539175640969406 -0.0025767570083896157 0.17033837167609217 0.01047698193667429 -0.08515172893759812 -0.00827519890268858 0.18070745972775443 -0.08690752875684177 -0.0011430770088221107 0.16729950057672102
 5100.000000017955 -0.586866849490988 -0.23766257649558117 -0.0908050916094739 -0.0021729225565849447 0.1732310937305549 0.01018514009345948 -0.09239374300228617 -0.007335584316622418 0.17099326652324412 -0.10914463333206474 -0.0062048302901819355 0.17973809636893268
 5400.000000024694 -0.5852828689977847 -0.251263330179064 -0.09785135797727847 -0.00035783211991123577 0.1739084799600813 0.010744179058525321 -0.09553800028542929 -0.010525830507827887 0.16428281059394115 -0.10085047373768831 -0.002285020446572664 0.1782339207964975
 5700.000000030485 -0.583887744830292 -0.2624429429304589 -0.10620452178043335 0.0023086693632893137 0.17699328369113498 0.01158768609091598 -0.09762606617446842 -0.0020965807545034066 0.17789826477574258 -0.1088003027962291 0.00034272593342191446 0.17937987284158682
 6000.000000037414 -0.582778809398762 -0.27451754269110196 -0.11339760174438628 0.0010401355429807359 0.17639938595359786 0.011063301229564906 -0.11868902909387591 0.003942231278090667 0.1840253124100897 -0.10482469023370768 0.0029408302690869547 0.1778832822523772
 6750.000000053999 -0.5800724007980621 -0.3046030842350449 -0.12888237908147582 -0.0032389949412015657 0.18413777907330386 0.011744817183434031 -0.12967881976530812 -0.008138608579492475 0.1905672421353228 -0.1398294306232056 0.00882295072994179 0.18940008461433716
 7500.000000072424 -0.5777634470624499 -0.3363528279378947 -0.14859645019472842 -0.001062230121436307 0.18881162307814237 0.012241076265577086 -0.1523732479605682 0.002950202465220988 0.1906308335450496 -0.15114890121019897 0.00630980941853737 0.19675639143668558
 9000.000000104206 -0.5740336485337327 -0.39847407320351924 -0.1812040562958173 -0.001172373219265917 0.19408566441180833 0.012734716822992606 -0.18693585436349244 -0.0007689513254685075 0.1939741386399182 -0.17930434880983429 -0.0019037187399586917 0.19394622611964343
 10500.00000013525 -0.5710650576071432 -0.4673031352425956 -0.21800014252763367 -0.003976266670289722 0.20075874580477288 0.01326035461609683 -0.22943516071693712 -0.003595869859400293 0.1880522956923833 -0.230140095892766 0.0036930883811669797 0.1958897466912434
 12000.000000168124 -0.5685720858501672 -0.5292290782923875 -0.25351891741900767 -0.0023926320196525786 0.20398955945019778 0.013891587137315234 -0.26142746360782215 0.000828849557623247 0.2040405882932271 -0.25943459243344164 -0.003046643198622769 0.2038411981860844
 13500.000000204045 -0.5661059031860592 -0.5804223894605441 -0.2820251347060808 -0.0025978325931737037 0.20248749946475042 0.013732237833957743 -0.2824711070421187 -0.005141824880850525 0.20583550457162728 -0.29103842605965374 -0.009629563947586888 0.19626254949673627
 15000.000000235292 -0.5634975593494291 -0.6289959532514656 -0.3096579740522372 -0.0015299813063206242 0.1980080502244589 0.013434478812384573 -0.31478283578446487 -0.0050740214811709925 0.20244296294506567 -0.3257936521558977 0.005258970858184088 0.19543305880530196
 18000.000000298678 -0.5645291197077906 -0.7557465597388179 -0.37794790080908497 0.0003326455324262414 0.20353903039488389 0.014699491534997685 -0.39276675768138514 0.007710199029806634 0.2027006379386166 -0.38662959610944286 -0.006945505079715226 0.2053913847675914
 21000.00000036657 -0.564336757090667 -0.857651339106671 -0.42990226243940877 -0.0051290570092356385 0.2011412521432034 0.015047845943854542 -0.4334756178997029 -0.01753280387159962 0.19226205509760683 -0.4453279682855053 -0.001754278317356907 0.18648143430105074
