 1000.0199999995034 -0.660408396071898 -0.6732753010660937 -0.008279589278523241 -0.006695431673290559 0.14466657084655116 0.0007892550442936347 -0.011639906696872926 -0.002826684394699841 0.16069213398172685 -0.0062077437381685835 -0.008679474766050238 0.15291071615673363
 1600.0199999989804 -0.6606042308362794 -0.6956312799952991 -0.02771272245557312 -0.00961022170605168 0.23119333775069115 0.001316735865236142 -0.030273112664685367 -0.0020527660234875614 0.25005886132309946 -0.028497304965009462 -0.011528214845937777 0.2457177928775739
 2000.0199999981544 -0.6603035779027757 -0.7126908240421181 -0.044731612604442084 -0.012198498359890769 0.27780449727775813 0.0025611614432391886 -0.05022271197475771 -0.02557666675708392 0.29028728155074246 -0.05892301609023853 -0.0045524648681108 0.2939630361418744
 2400.0199999980255 -0.6591086492069685 -0.7179985368288658 -0.0530072615205338 -0.006593769874131707 0.31542372776860655 0.003348583826476439 -0.059752907708164285 -0.011823171040171632 0.3372339490676528 -0.06429304707618051 -0.009052055539918617 0.3177634504032183
 2800.019999998159 -0.6547864023439537 -0.7067720506458317 -0.06939993437135819 -0.009162111596085652 0.31948261603439665 0.003497537811670838 -0.07923192069928078 -0.0029057289511576693 0.3352698409214904 -0.0673107253503742 -0.006679206738796561 0.3327651647412328
 3200.0199999969873 -0.6406288784789743 -0.598992067160579 -0.0643620705964834 -0.007851241407602572 0.2662584740765784 0.004395770115696216 -0.06762974615132351 -0.0066558107150029395 0.278126942006544 -0.06734188575261574 -0.007616063427807801 0.27021848879717913
 3600.0199999966926 -0.6185794750295963 -0.40433673371862944 -0.04852563953419778 -0.004983219830409398 0.18663425951352625 0.005925826845877116 -0.06270011480363473 -0.0008947478045719082 0.19138081036912014 -0.040600512216105375 -0.001839253449076188 0.19198493694226354
 4000.019999996068 -0.6026638484626936 -0.2780419624809318 -0.04641430584570982 -0.004344066122201353 0.14799986024775785 0.007039342886449523 -0.054986142757551926 -0.0015176070713754824 0.14091674009648356 -0.04732196793898993 -0.002596100664155923 0.15579756981585519
 4400.000000003382 -0.5933424135297938 -0.21910776927602005 -0.05016044198853948 -0.0007434151158418257 0.14066035149262768 0.007856283465965695 -0.06263117052920145 0.008493293132564542 0.13546458842189155 -0.0532640494136969 0.00856176096050775 0.14111497802034406
 4800.000000011837 -0.5869492258803031 -0.18981651230419888 -0.051209066136020144 -0.002064095458639289 0.13610558776498688 0.008315044685853121 -0.06858145576886447 -0.010004264483556211 0.1304470549745758 -0.05754237381072566 0.00876851219172818 0.13800892367997097
 5200.00000002161 -0.5828843416239528 -0.17923602480729403 -0.0568857852063336 -0.00041853958572123914 0.13567280740058227 0.0081683387247799 -0.06586540924466514 0.006587895122299709 0.1194644837031968 -0.053055886036664425 -0.000547354638382318 0.13889099621108245
 5600.00000002976 -0.5796801857562633 -0.18059085177411388 -0.06175734435393176 -0.0005692948574251131 0.13622034393947488 0.008471848400498591 -0.06692159968480173 -0.007079787194241885 0.14975607761047127 -0.06195914091065741 -0.006365509275551696 0.1410920205606848
 6000.000000037414 -0.5769367910497958 -0.1835739514655881 -0.06631595766011196 -0.001592389107889114 0.13819683182717227 0.008927658635151643 -0.07327199241404826 -0.007364117657893647 0.13931948618299828 -0.07423580099280451 -0.002013387361223744 0.14546582921342807
 6400.000000046563 -0.5744709005868172 -0.1912289077767376 -0.07208427261921965 0.0010188380490997225 0.14304603321439988 0.008928719464158635 -0.05873819350845421 0.010034417932007699 0.14942216493164276 -0.08465167506373422 -0.005755922888848369 0.14450212517412445
 6800.000000054422 -0.5726271379813185 -0.19671600707161607 -0.07587141641399887 -0.0022406624441630133 0.14363188665230614 0.00897537654372494 -0.086237568788558 -0.007226841801094187 0.15017561365670448 -0.08373129493267241 -0.009329921281212693 0.1341960672616575
 7200.000000065293 -0.5706523612092811 -0.20857408234143904 -0.08404811661059249 -0.0024939186058353297 0.14248270898713886 0.009301036224929603 -0.08725242476519555 -0.005019741522030035 0.14060480390822036 -0.08246275576866668 -0.01570102458435499 0.14321982849233045
 7600.000000074023 -0.5688012837406132 -0.21690909784343995 -0.08905702559271374 0.002360295371709371 0.14897644077441313 0.009560722018142028 -0.08940206906308214 -0.0018151134876076 0.14983478927309574 -0.09807051303075531 -0.003425425219650837 0.1506769465363347
 8000.000000081949 -0.5673226879983226 -0.226018944577813 -0.09314215315143806 0.0009447416438949502 0.1516779690704321 0.009704838881729724 -0.09175299606552981 -0.011548362477227082 0.15268382442455164 -0.08240379860145547 0.0033847378260685856 0.14944820550551674
 9000.000000104206 -0.5638093285966561 -0.2490210100153212 -0.10652280150940156 -0.0037317814221431906 0.15295970676444096 0.010515583360772537 -0.10667654479934423 -0.003922823605156413 0.15444247416625712 -0.10915821693877974 -0.006505566040314344 0.15722858173580423
 10000.000000125145 -0.5608451982127455 -0.28476943947748745 -0.1265190453882015 -0.0021012079574277793 0.15768018262883438 0.010590533968229916 -0.12902065447952366 -0.006139560490695122 0.1623228701039889 -0.12229465327427028 0.000025042216937922282 0.15153104197260803
 12000.000000168124 -0.5558336053435168 -0.33957081701612274 -0.15686832832414235 0.00038356225691242265 0.1699364756818734 0.010975118922403403 -0.15478433196072555 -0.0013648971124226653 0.168480432792781 -0.15760846646355275 0.0069454826147573746 0.1709348000171268
 14000.000000211981 -0.5516665272051622 -0.4007162107288073 -0.1905250215316796 0.00041998568799093755 0.17226339901291235 0.011755238723058437 -0.1920512768881992 0.000166395242037549 0.17200689858242563 -0.20624149465947061 -0.006998682427053403 0.17888062462090396
 16000.000000254247 -0.5484179536946595 -0.4538681843721107 -0.21866037069557454 -0.0005711824128437038 0.17676673124346834 0.01221045063873498 -0.21978859343961185 -0.012037871000023917 0.16527065594150847 -0.22992709378330034 -0.0022667809261358997 0.1802577098159933
 18000.000000298678 -0.5452512962828924 -0.5148205670466904 -0.2526931054782905 0.0005784562331793984 0.1799380415320575 0.011451989024663937 -0.26079898591815226 -0.0040596945298100404 0.18128825744160212 -0.2594126898614874 0.0017638130720929424 0.181839898114995
 20000.000000345273 -0.5418775049984339 -0.5559742543042868 -0.2736821433442787 -0.0011394117276418844 0.17489162099903502 0.011309712536887475 -0.27771092734969177 0.005047726138138842 0.16858608932762567 -0.2707677332147423 -0.013891609922656548 0.18153262308795456
 24000.000000427524 -0.5418117715571308 -0.6827809693163711 -0.34209587865942986 -0.0030871283641376443 0.1814731357745614 0.01318408047967807 -0.3548635832951101 -0.011741947377608582 0.17391418955428078 -0.35906530733275277 -0.004665636975825515 0.18051627542500095
 28000.000000515036 -0.5410223308653019 -0.7822787515842857 -0.39533158660561707 -0.0006442642779331544 0.18284230753326855 0.013454980062012853 -0.4054721254484732 0.0032115837332925734 0.17650094376326375 -0.3970458588642869 0.0050214045592609155 0.17850567580340498
