0 -0.4369129102617596 -0.4015561417808268 0.0013656363144828989 0.34050060660844994
1 -0.4888921242555986 -0.46873564655459604 -0.0012672044940766182 0.32006443625574205
2 -0.4987056181845603 -0.4845327853827016 -0.0018688932000651636 0.30897040117270863
3 -0.5006507975913597 -0.4857567605232957 -0.003499085756059182 0.30987297825567783
4 -0.5032620148075494 -0.4855761107555113 -0.0005847091090160102 0.30912691835694217
5 -0.5037088243169016 -0.4906225437347786 0.0019667126839544107 0.30983405762440863
6 -0.5011850878113081 -0.48903500898498176 0.0036474453907427897 0.3063938560554107
7 -0.5019090787168884 -0.4839424421029053 0.000947451299071666 0.31118620186258056
8 -0.5051939346456793 -0.487013210327665 0.0006208509810608423 0.30768735208412357
9 -0.5059695114710618 -0.49080009071466 0.005116364174150592 0.30919573343571893
10 -0.5041494082284069 -0.4894452272457058 0.0011990351318891326 0.30986760788174417
11 -0.5018129444637647 -0.489894584549423 -0.003017050667430482 0.3063200030244461
12 -0.5012970305329032 -0.48329378553361624 0.00008783292176522128 0.30209028661501597
13 -0.5019215578897425 -0.4855483824494757 0.0009048624997419997 0.30808768028765615
14 -0.5043525730293786 -0.49161911672638026 0.0012678791442039038 0.30720221815887533
15 -0.5044514445672307 -0.48887519852763806 -0.002486910519812756 0.309213871924966
16 -0.5038068510333338 -0.4910742002513692 0.0026000389425590254 0.30262637200142856
17 -0.5057970997062605 -0.488418315139701 0.00201169026575596 0.30604712040094345
18 -0.5080252927225318 -0.492774803444 -0.004238085397161981 0.30676759306646756
19 -0.5086162671690292 -0.4940619412859466 -0.00265026196203849 0.31188211318862846
20 -0.5059109079665604 -0.48926433328614627 -0.0016728728736453413 0.3039880856774855
21 -0.5013747845317994 -0.4863174089475929 -0.001866577449774411 0.30596790788598655
22 -0.49937012632404737 -0.48156619551281243 -0.0022040223164110427 0.3038103982637225
23 -0.5000812865467335 -0.48579480300789335 0.00329181944827281 0.30784353508659024
24 -0.5022949947879982 -0.4904933275857688 0.0032849510991848916 0.30370313455514863
25 -0.5025199445280737 -0.49113129507021 -0.0015137482917655526 0.30214764264302346
26 -0.5013910444592687 -0.4893684133409501 -0.0013306616547594003 0.3022936095962112
27 -0.5009795267597855 -0.4910411830750394 0.0016270596709742863 0.3009135266799232
28 -0.49993980710489067 -0.48823255141561145 -0.0004683391079217889 0.3019029227013893
29 -0.5021178024331544 -0.49055624795654756 -0.00195711497076859 0.3068603431193483
30 -0.5042269176968199 -0.4910425761956977 -0.002237707066280693 0.3083651473313188
31 -0.5024650502809584 -0.48839954188227064 0.0003676769232852735 0.31028926015459196
32 -0.5022283001485096 -0.4876978776292704 -0.0022969409703498516 0.3054374542423671
33 -0.501847644711943 -0.4888593943780193 -0.0027518456373835324 0.3027699335007879
34 -0.5033007539858052 -0.48965735135640737 -0.001222667185724039 0.3041904273285999
35 -0.5043871298381686 -0.4846957682010071 -0.0007174079959078725 0.31219569417212645
36 -0.5043832162001406 -0.4870692670838941 -0.0018078541930577063 0.31333201384857495
37 -0.5005490428609161 -0.48795175582679834 -0.006623461158423894 0.3117554970366878
38 -0.4872670764409535 -0.47119246685334126 -0.0026297139896055053 0.3149036441295081
39 -0.4362255248393736 -0.41158104402137063 0.0026858826409455606 0.33580634568638773
40 -0.39822760453209627 -0.13091172364347864 0.004661692046263406 0.3725522478811727
41 -0.40542352029473333 -0.04007450842579882 -0.0037658490995627143 0.382979327351384
42 -0.40719511683596893 -0.011835921817630825 -0.0019623848262388566 0.3877646451323948
43 -0.4083198887343586 -0.0025814796245585566 -0.0007958092942003256 0.3932103451602493
44 -0.4090270958400525 -0.0026541929315147907 0.0016724957697637388 0.3929926979846081
45 -0.40858770584524895 0.00047371989585291507 0.0004889733617546359 0.3906524540464195
46 -0.4083764178739291 -0.004677743273428201 -0.0004873856107590167 0.39148766260851803
47 -0.4077474640177188 -0.0016110817589904036 -0.004516453350680087 0.38621110711849443
48 -0.40505483907305306 0.004284237771742583 -0.005716080518286384 0.386608146852685
49 -0.4044996591515105 0.001871391327847708 -0.0013042199788107312 0.38623804071243467
50 -0.40538441361082506 0.0024488011429987713 -0.0024265489951201995 0.38900876450761307
51 -0.4047524838865372 -0.0036976270489513614 0.0010705312836777516 0.3849219302273336
52 -0.4043731767555193 0.0007555849721836484 0.0004417692328886411 0.3864960006409854
53 -0.4069266009805433 -0.002288398202044287 -0.0018453964184628475 0.3886167037285295
54 -0.4076311391434348 0.0007415430547902672 -0.0001212363420024729 0.3857934009080034
55 -0.40673041174999464 -0.0033518253530466576 -0.0008499739613110047 0.3902716796262992
56 -0.4080239967267063 -0.003088598344686185 -0.00772213582179087 0.3936576846334987
57 -0.4065730324414719 -0.0017177151311733876 -0.0014135840927233492 0.39195632790111967
58 -0.40839063140625564 0.0038961652345787913 0.00845901038568548 0.3972054571065582
59 -0.4118084554748817 0.002776412265497657 0.0036277173983948335 0.3891206585715827
60 -0.4129507096213034 -0.00015521660264246107 0.006867421205207795 0.3900465742045975
61 -0.4110233681797991 0.004969938287349881 0.0016605186214655638 0.3917699628921506
62 -0.4041132707451489 0.002070533821818962 0.004370031381831444 0.38949364875571457
63 -0.4014797020550214 0.0009091544166105531 0.0032504770559423453 0.3866104759907698
64 -0.40365027694899425 0.004231744236681775 0.0008070703846210229 0.3878024984305454
65 -0.40423386914034637 -0.0005970810580154735 -0.0009664860707097329 0.3923498703811443
66 -0.4032906132196284 0.007708244555582049 0.002032432365951431 0.3857971628167593
67 -0.40471383660428634 -0.00394526976094998 0.0002548265392635817 0.3864792168407984
68 -0.4079484880809241 -0.0025942849777075426 -0.0007939840951754279 0.3858920458733793
69 -0.40796819439787496 -0.0013615609519568887 0.0013182141892714438 0.3909236676920813
70 -0.40588973754288904 -0.005837090230686451 0.0018218822401508395 0.39086122929862965
71 -0.4044391747720609 -0.0021281598695079692 -0.003820015651126886 0.3888122772185174
72 -0.40350541818153207 -0.0002931536384139009 0.0004818693707870008 0.38691265990899515
73 -0.4057644903797168 0.0003764361494332788 -0.0031077156102987786 0.3880034354971631
74 -0.4112326298458805 -0.004348979488596434 -0.003049917061053667 0.39503281563423787
75 -0.4095119444149367 -0.002713521177540111 -0.000979046497994538 0.3921495140781902
76 -0.4054564872858341 -0.0002651869024161553 -0.0023609195213859 0.38717651777679424
77 -0.4068078771828305 -0.0025801785218823657 -0.002441709424374195 0.38629703317333763
78 -0.4119238416382824 0.002051163650920409 0.004792940912646874 0.39315560280318734
79 -0.4082569313307751 -0.00445703982754924 -0.0021646477634150807 0.39009123172189236
80 -0.4019557775472508 -0.00443863611601515 0.002001517807686221 0.3867824034881149
81 -0.40400273737860154 -0.0008926530225217213 0.0025904415408820373 0.3836233574492695
82 -0.40399991687641323 0.002538480311190079 -0.00003852057137185848 0.38531338300832385
83 -0.40746939233146273 -0.001719620157371711 -0.003915565167310987 0.3935433344242094
84 -0.4087358895063025 -0.0006696462442241665 -0.0018719627225991377 0.39262393440542015
85 -0.4093871881040198 0.0054364205551321555 -0.00718340951441682 0.3902524293086591
86 -0.41155697524633833 -0.005302795758541415 -0.00004570119003371109 0.39717329665478035
87 -0.4095215587085029 0.000780468101408418 -0.003950147364472258 0.38976611326121824
88 -0.4066632422689127 -0.00035209963632397304 -0.0033715077051433475 0.3889372816725664
89 -0.4053922918671723 0.0040088722829408775 -0.0004754082055208074 0.38657675175511974
90 -0.40326135143489955 0.0024461706269917577 0.0017677305086647257 0.38373660121142644
91 -0.40552578745802803 0.0012057283898556518 -0.006122409255886165 0.3908526731429405
92 -0.4128715835085498 -0.0006243396539543678 -0.0008738880523556541 0.38742276856525154
93 -0.41193432370437766 0.0017721332024713133 0.0033623438115438532 0.3949361963628991
94 -0.40944016432389657 -0.0011817174741464683 0.0015729334786487642 0.39593055370091484
95 -0.4100460278883841 -0.005068930143381483 -0.0005377527124541149 0.3940381307621417
96 -0.40967374523545597 -0.0007073135304015265 0.006408966754550948 0.392557633566776
97 -0.40761778789541037 0.004489194762630396 0.0035581795778495645 0.39229633871310954
98 -0.4067926515223526 0.0018047351764186542 0.0003877138937262029 0.38859893693189573
99 -0.41012076534114617 -0.0039013576096251406 0.0017346708693220339 0.3919957469688087
100 -0.413119761572227 -0.00454328051670319 0.0015185420707666878 0.39617563244004506
101 -0.4102810103556331 -0.003517069965669936 0.002236243445065301 0.3943319200724627
102 -0.4063783445695873 0.002338581460432544 0.00010354965940572335 0.388713580057747
103 -0.4052124662260665 0.003181495622081784 0.00103411614292206 0.3881065698547889
104 -0.4078017295053076 -0.003924156536900359 -0.00032704508854231257 0.3882487399817303
105 -0.40641347709185466 0.0014610441145608182 0.002241797552654867 0.3889805014430402
106 -0.4037995755100974 0.0015073573566890056 -0.0003926372669678609 0.38505634911262027
107 -0.40838667885881486 0.0014967976487030585 -0.0013522703599892886 0.3877503356613155
108 -0.4094733929189048 -0.0017337942814261778 0.00047766304312498196 0.3915052471273294
109 -0.40929198683469253 -0.0011317139288995412 0.002718603084141452 0.38666060283076026
110 -0.4100808398346046 -0.001022615147788649 -0.0008815044367718486 0.39107585604782014
111 -0.4067729765632869 -0.0008288820495447865 -0.0001097869470362903 0.39238104202432567
112 -0.40511950674533037 0.0063812248720819835 0.006779162028415116 0.3885943591063433
113 -0.40526049541062076 0.004267333095487786 0.007307768598737839 0.3958547814134251
114 -0.4038515711884834 0.003975568846235828 0.003788715420595269 0.38880287003255576
115 -0.40504659240569935 0.0019469260459233058 0.0011976890931763374 0.39018542977457554
116 -0.4060522249250946 0.0036550346082074177 0.003079279982080051 0.3877496309071021
117 -0.40505719812350455 -0.0010053067554994782 -0.0028892017692017037 0.39172220105110456
118 -0.40473883489607076 -0.0007274672142456122 -0.0008956525703558793 0.38787998991075134
119 -0.4083582363393964 0.0006829964773354122 -0.0009288680702619403 0.38812292708180585
120 -0.408048852700093 0.0002950634365564706 0.0027551346750580635 0.39181052537742916
121 -0.40241497961622313 -0.001388991825135721 0.0011856539779406406 0.3876572426127748
122 -0.4033178091388888 -0.000950674646634967 -0.005747132453456122 0.3833766786610364
123 -0.4057432247476841 -0.0008374453521352674 0.0017729221380395415 0.38509857496397276
124 -0.40729145138349176 -0.005580669984820854 0.0013778422630053664 0.3901100081716103
125 -0.4081974540374214 -0.0014573559547901918 -0.0008172441175357379 0.38916629735485325
126 -0.4101641053051638 0.0003892477303041656 -0.008789885890317022 0.3875242145042853
127 -0.41058663376344473 0.004384894654131744 -0.008144728231721379 0.3959995616351695
128 -0.4095219835723672 0.004322649993050471 -0.0059830894619373074 0.3952170418655772
129 -0.4077047029225027 0.000010327295711516978 -0.008107582133455837 0.3904065581104847
130 -0.40631585205429827 -0.00013223634216263103 -0.003681558651355216 0.3853053781763132
131 -0.40768965717806177 -0.0028314643505165716 0.0007889394946575582 0.3859010642917827
132 -0.4083997902411814 0.0010232669358819376 0.003992781034139336 0.3870556841252452
133 -0.40829529160705325 0.005235462270729343 -0.004564383395244838 0.3941645872835931
134 -0.4054157821296244 0.002434377811446488 -0.0018115581802528777 0.3940459972258848
135 -0.4040062831009157 0.0026902180684228983 -0.001604925713634249 0.3891762659357197
136 -0.40752007835596965 0.00470409392794127 -0.002876149943294177 0.38668805687375807
137 -0.4107902283178958 0.0005162380002372163 -0.0036201564217027745 0.39043124761008036
138 -0.40815919723256394 0.0009078511671333291 0.002549469671813411 0.3898160122878077
139 -0.4041918461779075 0.002454167508365385 0.006824155698267562 0.39179711955608665
140 -0.40469772976787133 -0.0013114202940829568 0.002137155003123385 0.3941267252488128
141 -0.40352090291551196 -0.0013519121973046735 -0.000018545808599817372 0.38574314536924215
142 -0.40460742190409615 0.0022279456783198467 -0.0007189884954082469 0.3882780006353177
143 -0.40416684082566534 0.0042585891969930114 -0.005673084601996297 0.3848710542018814
144 -0.4018758350833992 0.007701650052260398 -0.0032263066472574637 0.38655448435412726
145 -0.40568773313249595 0.004944095014035879 -0.003590678063091011 0.3888940803875907
146 -0.4059020888152412 0.005913569687581615 -0.003302946214041897 0.39306360199294216
147 -0.40630746217247227 0.008568523406019 -0.0007698882911018295 0.3923131118521399
148 -0.40676302666922814 0.0023740743255282553 0.004267321879975842 0.3899209456291977
149 -0.40609041223389014 0.0026696534576497507 0.0022478771805972807 0.39045440540373694
150 -0.40634208927682625 0.00022267757665661459 0.0011012851250322294 0.3914531300368318
151 -0.40572971344074915 0.00043288341270996376 0.0029628160171048714 0.38983360000847683
152 -0.40539998974788666 -0.0007720311258252988 -0.00012582924615641377 0.3883454820085246
153 -0.40546043146606414 -0.005857849362391169 -0.0015877753847627284 0.3932627467326343
154 -0.4075138111986236 0.0004839035871720393 0.001273111960369125 0.3926776633141468
155 -0.4097620085368954 -0.00010712580498237476 -0.004845505635960542 0.39252640163753416
156 -0.4080220967236091 -0.00021485803331167342 0.0018060000718494711 0.39161588455643664
157 -0.4073926139249941 0.0012431560171727969 0.0028948626501298087 0.3882541372122501
158 -0.4079572736063678 0.004300290377369192 -0.00012044965820718523 0.3934839059736112
159 -0.4036889817756778 0.0031652846718671483 -0.0024042032908070587 0.38989423395133715
160 -0.4047974272936419 0.003970452359174051 -0.0022214775894152587 0.3889696638069197
161 -0.4062436392480497 0.003427067055089605 0.0037061328347030684 0.3887641143560468
162 -0.40365332618054006 0.0002909196718014085 0.0032686596207851565 0.38565446621039545
163 -0.40510805359308183 0.000636608086780488 0.001857840793354685 0.38892577976553583
164 -0.4074159068766746 -0.006662735932331555 -0.0029725970087324154 0.3905353079492105
165 -0.40679700310887285 -0.0008256249115641525 -0.0047840107703524745 0.38897558586243314
166 -0.4061904459326404 0.0005937768034134061 0.003756447475164142 0.3893834063406044
167 -0.407149421792278 0.0010044000719276074 0.005317242034435125 0.38883991092144576
168 -0.40734197196543687 0.0034075934955585946 0.005858709811281296 0.39229054094008037
169 -0.4098846609494046 0.004189066304907921 0.0052954372764394755 0.39314258398073687
170 -0.4098222042407938 -0.004643949535533653 0.00047968662558331936 0.3894253984306682
171 -0.4045928982167019 0.0013234060060115403 0.002874180749058408 0.3866494759900554
172 -0.40298081181736917 -0.0006241960750212694 -0.0005045312111240122 0.38532096881583133
173 -0.4079693102241188 -0.001133397518156571 0.0017104977820496929 0.3932580468804675
174 -0.40903877674874145 0.0033152911054659838 -0.003350128098024914 0.3893411894701681
175 -0.4074922297155437 0.0046114279650340305 -0.0013268948162724972 0.39151526856296115
176 -0.4086433726256602 0.0020155739748767376 -0.00039562723917873906 0.3904073055447877
177 -0.4063631443482663 -0.0036187278513304857 -0.001356989465228959 0.3887776006469976
178 -0.404954002047678 -0.004309614375485837 0.00012300809504644521 0.38871249326780477
179 -0.4063473758475628 -0.0008441447981180223 0.0031089563768253075 0.38717060520962887
180 -0.41125109928951076 -0.0016413648842392655 0.00543758965125152 0.3899169730840205
181 -0.4090488476367734 0.00015456299785628508 0.004861501404415599 0.3906074219942772
182 -0.40254788518334267 -0.0005497496554397507 0.006252501487095913 0.3913971533996665
183 -0.4038423649927983 0.0004439943642263691 0.003466138074983886 0.38762243703935806
184 -0.40408227907718597 -0.0012021765690858072 -0.0007786657595393742 0.3865025429884118
185 -0.40481876429487007 -0.0026208403579861604 -0.005813576553503718 0.3848247422035062
186 -0.4085270520769297 0.0013833128719378692 0.00043037629472243255 0.3884397924388862
187 -0.40852544634045856 -0.0043574342601854455 -0.0023152179958282277 0.3938128366967126
188 -0.40539861532665267 -0.001443374901992122 -0.00447729587347028 0.3915267819827638
189 -0.40943082978777173 -0.0010668283303507788 -0.00023431955401050176 0.39212572863676337
190 -0.4114902760592435 0.0009878014293648717 0.00036686143074485207 0.39060706794731526
191 -0.40910434136342166 0.0007874135982117222 -0.00425962369485889 0.39686038923712713
192 -0.41024330511863555 -0.0024034902238422276 -0.0012740419438934916 0.3896144395802074
193 -0.4095721328593614 -0.0017675290926279037 -0.0012712215902513306 0.38932618174444245
194 -0.4069500037571592 -0.0037767561734680694 -0.005635118633495741 0.3856248285078842
195 -0.405532693980014 -0.003464618200132647 -0.005177004939605141 0.3918356616805967
196 -0.40789583064897994 -0.004523411025554333 -0.0017647829118752315 0.39092991943318245
197 -0.409189433419515 -0.00213005238038689 -0.0017247518353164994 0.39100679822087736
198 -0.40576439665189923 0.0022387806124505314 -0.005689301257551933 0.38522901724628394
199 -0.4060903857380969 -0.0009491093099356447 0.0016876974769286669 0.3890865211442296
200 -0.40881038902600725 0.0024664964942405837 -0.004908311973153114 0.3911308609538278
201 -0.40995624509870654 -0.002064914825061838 0.0020677069621106376 0.3953231131829905
202 -0.4095714853338849 0.0018677182303877312 0.0009738429727509118 0.3918947722338879
203 -0.4093873536953906 0.0017054354948174858 0.000877798468549778 0.38815380573300834
204 -0.408394321191963 0.0025171312553732704 -0.003751829647177412 0.3908316003606865
205 -0.40810745302886736 0.0035003921135896743 -0.0052788987680505595 0.3889368354125864
206 -0.4082116038241671 0.005122239855813135 -0.004154958691152236 0.39202556217581036
207 -0.40559041599042456 -0.002180196156903477 -0.002194315195791432 0.3886135173114359
208 -0.4064990208285912 -0.001432671800401831 -0.00028574565564202484 0.38797275246752805
209 -0.4067123707787404 0.0010169869060863532 0.0030539975780237566 0.3915813248808233
210 -0.4096098280831631 0.00043743978466001635 0.00650521956986714 0.39211565932525205
211 -0.4088481079766168 -0.003747008089180568 -0.0016294582903327273 0.3908820188739594
212 -0.40547364951788667 0.0007561387637957031 0.0004104189725562674 0.3922909517311337
213 -0.4064778580118075 0.002672674113638369 0.00360059437105339 0.38617391249885435
214 -0.40650304350604877 0.0048227482990536395 0.00224718772028221 0.3887530057361301
215 -0.40762214261696483 -0.00023200398453276298 -0.0012356891790064196 0.3934133622940121
216 -0.40572006736845556 0.0025318994260627066 -0.002462322711396102 0.39117579512417144
217 -0.4046259734978545 0.0006182754397471485 0.0004557293327855397 0.3878851024398778
218 -0.405713163879682 -0.0027838681593216714 0.0005031730013445989 0.3889514606130222
219 -0.40443842305476146 -0.005344092445759081 0.003686180655281787 0.39434425668711665
220 -0.4051956282469292 -0.00044960374399324453 0.006311659181317738 0.391501686164854
221 -0.4081394696826185 0.0008990226427837976 0.007579775677080521 0.3907213233955799
222 -0.4078703709292924 0.0008453553745145119 0.0051847230275923846 0.3910524883647982
223 -0.408904171982241 0.0017753199668641164 0.0005961976253171399 0.39105154778651086
224 -0.4108104315077966 0.004774345696858969 0.002092486026027293 0.38790239050467884
225 -0.410601731962355 0.00044279228085627927 -0.000043023439854180644 0.39173754429945234
226 -0.40997053967957403 0.001061236061039442 0.003140752547153152 0.39186243938013204
227 -0.4052478463963698 -0.003361665530546709 0.0032098248859468883 0.39156087094542796
228 -0.40317978210944777 0.0036280283099212308 0.0034776065047762567 0.3944897008793338
229 -0.40651360322767055 -0.0034310951222477023 0.002172318231744364 0.3921258878968973
230 -0.40815354307925905 0.0008966834275527499 0.00310200200915798 0.3893394750789181
231 -0.410046939100096 0.0045940449294328885 0.0002573781335595367 0.38699037884151116
232 -0.40820165777090667 -0.0030330939729822396 0.002467672872713098 0.3847196531657947
233 -0.4053811286288695 0.0034113667099511446 -0.001999111368443793 0.3890660293422486
234 -0.40658515918848853 -0.0015312112907631523 -0.002547825445157145 0.39438837778680214
235 -0.4078715006396839 0.000331579935898583 0.00010743294005454706 0.39010067529798875
236 -0.40956619936680466 0.007796113644722116 -0.0009509788102001584 0.39362019999200243
237 -0.4098063637549928 0.0046452618711842275 -0.002623137026286139 0.3912415923965257
238 -0.4037235043777406 0.003041861980071021 -0.00664332978018324 0.38774969640768897
239 -0.40290106469361636 0.0009572516629552213 -0.00491171130452374 0.39062225903103087
240 -0.4067378384100768 -0.002972641885984729 -0.0011411047921290095 0.3918896177337715
241 -0.40602466458981035 -0.00204868455198771 0.0002340244448096285 0.3866375753410821
242 -0.4069312825586418 -0.004966761710622445 -0.0012321347964793688 0.3875512540588517
243 -0.4060071028259272 0.002302058257338197 0.0010078135547857538 0.39218517577697964
244 -0.40491976499120635 -0.0016718131353397466 0.0012780319665958162 0.39294054793634103
245 -0.4043750208684356 0.00007036014450281076 -0.0006863373879080232 0.38921762637701074
246 -0.4026436413723544 -0.005172192920749714 -0.002801905074605558 0.3876098023806416
247 -0.40470243103122716 -0.0015680316030364726 -0.005576828548720598 0.39105712338828186
248 -0.4082093101208878 0.004728929138717848 -0.0027379807752530324 0.39251325705726153
249 -0.4074707244364911 -0.0009131018084232303 -0.0014475168820783037 0.39271127282012674
250 -0.4051793806612325 -0.002017814734858623 -0.006722546839848438 0.39319690790598005
251 -0.4044616746109661 -0.004575487567626319 0.00538288128046757 0.39341682206331996
252 -0.4044531463766739 -0.003617480276091052 0.002102737248568387 0.39260393849032216
253 -0.4058296915865383 0.0017160798226338282 -0.00038041521479899044 0.3897910535938149
254 -0.40682760028743886 -0.0021900065835781806 0.0017556303485257642 0.3929450748968963
255 -0.4076398238738974 -0.0004031320396391526 0.001281906420576574 0.3914430716351296
256 -0.40686777568096444 -0.002386596789306584 0.004561277503625046 0.38908831533992927
257 -0.405837643027024 0.00020829823251381546 0.0001610496466278308 0.3919520208179723
258 -0.4090112975934825 -0.0048254267794891 -0.0027213670385050548 0.38956947535342273
259 -0.40917319270717833 -0.0066660537486614236 -0.005404608720669867 0.39042580822219336
260 -0.4063424395562418 -0.0068943738116599455 -0.000464341802765894 0.3904708952753686
261 -0.4058652430178995 -0.0009926909680472492 0.0009049005160559282 0.39196161032781107
262 -0.4043322593309856 -0.0040604362944128124 0.0005004646941688573 0.39210958249601946
263 -0.40459386577111667 0.0015266246699096944 0.0017263315221757026 0.3870308670231138
264 -0.4051257823009855 -0.0018346210214157332 0.0006749869252324084 0.38875169858470254
265 -0.4058763032421266 -0.005634053572211588 0.004936904377027748 0.39409610449992827
266 -0.40738261293855593 -0.0012904857652131492 0.0023349044672977925 0.3916293320762206
267 -0.4078100785418446 -0.0013754004855011845 -0.0006022426648697422 0.39356581186271583
268 -0.4077491672393176 -0.0016663568114272961 0.0039941753536293905 0.39213359491104677
269 -0.4044355023017508 -0.0030265433445339543 0.00020014191517646635 0.38612172819172225
270 -0.40387416083942357 0.0013029008503578218 -0.00447179527479519 0.3865464384579463
271 -0.40615213942190437 0.002947705073438867 -0.003160191920689126 0.38692323977659016
272 -0.40927952463523093 -0.0003158442977632983 0.00006031637122029364 0.38881845150941696
273 -0.4089806099663243 0.0045717264705625715 -0.002738668540330344 0.3874045410862658
274 -0.40583589298747724 0.0009665089215243894 0.0006670299096080041 0.3887387935219071
275 -0.4068486917074879 0.0012092950137380426 -0.00039684143857047474 0.3873113333652664
276 -0.4092857955110899 -0.00008116370804100359 0.0021012005200054125 0.39191999471092276
277 -0.4078531224010233 -0.001498473720121422 0.0024563172717091577 0.3953789839540868
278 -0.4053996577781754 -0.003654339523275927 -0.0002659124309939574 0.38938944670791764
279 -0.4052775138645899 -0.0006009117090662604 0.0007045242602681676 0.3855656414243574
280 -0.40538350757374697 -0.000656945427689239 0.003674190941522107 0.3876806636590066
281 -0.406702388886545 -0.0008659904929860278 0.0018582797515862034 0.38965852007710483
282 -0.40640114630713603 0.0003386635820914544 -0.004900301624577464 0.39031352142927167
283 -0.40450822585850355 -0.001675150565586126 -0.004017068366563475 0.39266350471276673
284 -0.4060218455290165 0.005119026620447824 -0.002257160454789181 0.3896009872379203
285 -0.4066788761926606 0.0056047777519728946 0.0010215091382106568 0.39065804075142724
286 -0.4048065822166393 0.00021847342738356762 -0.0007188772671404246 0.38544677326833066
287 -0.4058804778997268 0.0032882642145939263 0.0010693473410070679 0.38753678398911817
288 -0.40642797538516967 0.0060983976959214205 0.005771905097257831 0.39276138474867583
289 -0.404861647425735 -0.00010507678199921806 0.00487177582688643 0.3883947091120103
290 -0.40565289260240217 0.0017213311798097574 -0.003454208933074063 0.3880142266480757
291 -0.40624780994569004 0.0019391874977355847 0.006644531028079818 0.38852713784692017
292 -0.4088876580688714 -0.001468749142342101 -0.0014527273694267676 0.3923330959330768
293 -0.4089348141827189 -0.0006974243404898525 -0.005593696574818852 0.3920947219942803
294 -0.4069073002827185 -0.0012398246118645083 -0.005204887381569959 0.39168195785680876
295 -0.40928639301270203 -0.00034532351186177413 0.004725178045515412 0.38981599888514695
296 -0.4084332283516938 -0.001564593342870718 0.00006288741679626454 0.390986567876802
297 -0.40920873636813765 -0.0020302562070252353 -0.002093784456122949 0.3926371586783514
298 -0.4098751338198239 -0.0011667293951925892 -0.0053974199453007314 0.39539837676368017
299 -0.40515913805980797 0.0020719707184413093 -0.0013628627654911443 0.3862876861957498
300 -0.4050045732655331 0.0026716287515983197 -0.0021782919848662282 0.3881651712930607
301 -0.40722107720615863 0.002934594559276215 -0.0007537411650336909 0.39293921833980255
302 -0.4085888437542412 0.00059104243493717 -0.0012168462081324294 0.3874462759505967
303 -0.4076805390270402 -0.00034094128688589377 -0.0013314153533401534 0.38945718346468366
304 -0.4065153940038045 0.0014952370274116267 -0.0002954098242013186 0.390257716631364
305 -0.4065630974895902 -0.002374154967455726 0.0008864521344231709 0.3893820087592457
306 -0.4054291411672978 0.0019447665641157729 0.003147208908993981 0.38661423289651675
307 -0.4090308281164056 -0.0000013840545268368857 0.0038414535994808112 0.38709148441836677
308 -0.4087459009287675 -0.002590562173084871 0.007648353939913277 0.3933825499674528
309 -0.40612594301938487 0.0001527832492592873 0.000989104336153473 0.3898932734434416
310 -0.4042131963420517 -0.0013294273500074102 0.0010127340437757597 0.38888793786229575
311 -0.4025213351875509 0.0012825316285209308 0.00042822314825006753 0.39033807201365206
312 -0.40259522930738995 0.0014583296608772541 0.0037941887351268166 0.3834180044051211
313 -0.4024695976499192 -0.0026144447190812915 0.0027224791040004422 0.3892474113691623
314 -0.4043935130918074 0.0036689937721579168 -0.0004618242078970731 0.3900025305679717
315 -0.4045857078515852 0.001288432379727715 -0.0009314857795254656 0.39427743829324674
316 -0.4062794608222796 -0.005064012224663606 0.0013665460285783356 0.3908957406404883
317 -0.4111815504693733 -0.0034758462370032017 -0.0051967089255051105 0.39045346637399597
318 -0.41151078923765805 0.0011177732134250691 0.002956490405115942 0.394833046887487
319 -0.4087833059395664 -0.002114069475485907 0.00783028198419161 0.39051825803428725
320 -0.4052242072595119 -0.005981437323774756 0.0026348171024203385 0.39103844581538383
321 -0.40520993378575365 -0.002008771309131085 0.0024648674160106447 0.3935010897846037
322 -0.4084268232265956 -0.008653598365146767 0.0061062733366104 0.39037167625068825
323 -0.409071009135097 -0.00285850403303922 0.0007580679049024957 0.39473395281375967
324 -0.40960011027855625 0.003171266287735102 -0.0008526870879846487 0.389960469610677
325 -0.41099041682895676 0.0022741308816796968 -0.0016011887380633354 0.39218568815754923
326 -0.4073434808156361 -0.008273072831764528 -0.0004189231178872727 0.3921007976071218
327 -0.4039919644525898 -0.0018552912070978539 -0.002690896150574414 0.39024497319385054
328 -0.406434135204624 -0.001696071378859808 0.001459315379681754 0.3916033795027504
329 -0.40817611956477723 0.0014300557691897067 0.002917320320520705 0.38978290908342805
330 -0.40745697091506045 0.002457794665051928 -0.0007470658052795581 0.38923218642336155
331 -0.40351011563734407 0.0024810201506983045 -0.0022304627521134465 0.384711030084803
332 -0.40323803683777404 0.0009209956341570128 0.0014076792378035603 0.3881278087399394
333 -0.40702799623281616 -0.0014301810778866721 -0.0009944284032628765 0.39051003030556425
334 -0.4093755297193575 -0.0010953843705808354 0.0011173926501803896 0.392262662597174
335 -0.4079694447297385 -0.003179244094083352 0.0014585073578960203 0.39115991085220203
336 -0.4051966196452264 0.0033138185693099005 -0.005905312473768754 0.39318081609622885
337 -0.407269038878103 0.004815713622817514 0.0022944806153232947 0.3915751277683391
338 -0.4078382376047274 -0.003932963138066529 0.0017142385838337924 0.39099293906342947
339 -0.4067320960142555 -0.00318794507067288 0.0005456479220390439 0.39449344141721526
340 -0.40968898532169146 0.0010978951027498173 -0.0010058343871684216 0.39080539387322194
341 -0.4079572118502375 -0.0024271442887466247 -0.0011072298650164284 0.3863755760244632
342 -0.40641793240716195 0.0027110492637173263 0.002247225345968121 0.39625279899747656
343 -0.40888382778412785 0.0049161142122111515 0.00023306689736686572 0.39459509219398575
344 -0.4069571267833056 0.002049174666871257 0.0008980347274074516 0.39231958498451136
345 -0.40548013720062 -0.0029195071386612756 -0.0035426015437945418 0.38856817652339465
346 -0.4068307490408356 -0.0014356985071186058 -0.0009873398364026158 0.3891985990907693
347 -0.4086608847833032 -0.00006530619534735799 0.0010549584935693108 0.39164998321946787
348 -0.40699321114310955 0.0007602615436255785 -0.0023690569854699826 0.39151436744859774
349 -0.40246976018687286 0.0033517431876052667 0.0057326205004254085 0.3877719709485068
350 -0.40524400525078935 0.001376756466448975 -0.00004550495090152423 0.3916186690689103
351 -0.4076821057138091 0.0029737022405981963 0.0017236818510489914 0.39584848977240866
352 -0.4073813904865688 -0.0016485642841517112 0.00013648237942006766 0.3886287761622519
353 -0.40844843003383025 -0.0057229141606173544 -0.0019987605637968578 0.3862985094084662
354 -0.40801054838366757 -0.0008278430990581714 -0.003108721710139872 0.39199623298358466
355 -0.40907690349373105 0.0017725767565037376 -0.0017558287196594306 0.3910961279488156
356 -0.41071947357990946 0.0025478764297641025 0.001330150131931701 0.39127172627935153
357 -0.40935488597966874 0.0009664803154341496 0.002902083412351449 0.39298536977897447
358 -0.4054873225673665 0.0017530197344801162 0.0007086761574993115 0.390233073384985
359 -0.40652176958822683 -0.003349673792931945 0.003415866001505157 0.38853298533022557
360 -0.4088734188020866 -0.0031738147804897037 0.003497403788048358 0.3897033102267966
361 -0.4083062762429232 -0.0008764139651031689 0.0042590963529713696 0.3879148147408849
362 -0.4071639316760849 -0.002338877427932955 0.0034125203230205062 0.39272063147294567
363 -0.4039452235797227 0.0017483315749685776 -0.0006881136973053087 0.38764318128675584
364 -0.40255773439279635 0.002531002233295222 0.0030242717132483356 0.3879860096990627
365 -0.40288832486404524 0.00004023626484755434 -0.0031102163276359833 0.3862130309348702
366 -0.40668494349064105 -0.00229229446485214 -0.00107470744297705 0.3905963910129581
367 -0.4076614233341721 0.0010176142061828896 0.0030658336934860945 0.39052541425306697
368 -0.40594341386320043 0.0031128110268968884 -0.0004942257917976896 0.3887479299360369
369 -0.4046535112918864 0.0007891003591288288 0.0028051039070163823 0.38923764786682147
370 -0.40490935730999644 -0.0005411790044063306 0.0009225630627237571 0.392255267502513
371 -0.4071785257241233 0.0006362452239793987 -0.001605741671610926 0.389231419158538
372 -0.4050947779730409 0.0005588073958893823 -0.0005881580944216949 0.3882597494499981
373 -0.40483419793280084 -0.00006456631444060476 -0.00258726546942157 0.39177039251209794
374 -0.4071744977282463 -0.00603146606205685 -0.002310828400687024 0.38876852316321864
375 -0.40749493535927395 0.00283548625231122 -0.002415711574711993 0.3970405300614723
376 -0.4055139766738445 0.0007096649314077955 0.003029826481767452 0.38745210599921565
377 -0.40384128368332844 -0.0005345206848891852 0.0010276301344808462 0.3896850799077483
378 -0.4051134745190976 -0.002979257862142667 -0.0002738765424377642 0.38749594679464944
379 -0.40546168060450294 0.00160303332235852 0.007345944187305212 0.39017462637306316
380 -0.40176460319007007 0.002542624072306677 -0.0023429219730337378 0.3880386137454814
381 -0.40295034431437904 0.005836435927634669 -0.001414251657906125 0.38643677953216216
382 -0.40773257667454277 -0.00010370512438359507 -0.0000801406159043844 0.3937419882538693
383 -0.40561401064598585 0.0020500604260441156 0.0031208785568471583 0.39130889537963837
384 -0.4043575567542006 -0.0013092460231902098 0.0085155866012276 0.3874043544499888
385 -0.40589913507678144 0.0005547551742792186 0.0024922623692989867 0.3919400383241172
386 -0.4047103188280209 0.0028360885291936998 0.003297183814429642 0.3908792056049658
387 -0.40760839485763073 0.0016622768017531665 0.003645573241472983 0.39144127455597616
388 -0.4088953752933408 0.005852216364642703 0.0011362523799873586 0.392017613898613
389 -0.40651951007121045 0.00033783635724064185 -0.0012783999730024008 0.38871208696269033
390 -0.40704493233083744 -0.0051073501606475604 -0.0024822361053293404 0.3905578220231758
391 -0.4077023389057941 0.0026772172534285906 0.0018590043709525333 0.3950221437848764
392 -0.40863920927270114 -0.0021335318054900372 0.0013726647229612226 0.39401584753248275
393 -0.40841289063075187 -0.0007885601608694097 0.004785409100525975 0.39108421821346423
394 -0.40652880114642065 0.00003148010517449477 0.00459879953950026 0.38707251160215755
395 -0.40468170810669835 -0.004071609621839483 -0.0035805787546199365 0.39090217211008
396 -0.4032266768469075 0.003538160243196632 0.005841977857484354 0.391967126601671
397 -0.40619560231656177 0.0008238158858339277 -0.0016019636866984068 0.3886739952493704
398 -0.4090801301194849 0.001729209024962998 0.004026555862098806 0.387564048258066
399 -0.40883555509643066 0.0030492588941993318 -0.001011504036287193 0.3913323530281638
400 -0.40956405758330966 -0.00011702669706480269 -0.00022714365430637434 0.39130430380715475
401 -0.40780174456738927 -0.003245602019434269 0.003923841219856342 0.38729561673327983
402 -0.4088369885092074 -0.0032270931342404797 0.004577805553468426 0.3920964460869082
403 -0.4107217546149371 -0.0019442847683613241 0.007477014530869799 0.39196636855222977
404 -0.40657502973727166 -0.0005357479028904997 0.003093771163366947 0.39316391783166815
405 -0.40538342024277363 -0.004491447787691025 0.002113376264985308 0.3899476414992818
406 -0.40841997162046284 -0.004817415494867764 -0.0019078780976701294 0.39166505085375924
407 -0.40831411172189275 -0.006778493575815684 -0.0027480818135794415 0.39149275657678057
408 -0.4068615752538781 0.0010030950737002515 -0.0018310256744417885 0.3891431763046986
409 -0.406801416735136 -0.0017430249865735344 -0.0018315558342459385 0.3872659193001496
410 -0.40597174872182185 -0.0004463602313871893 0.0006298369140383332 0.38648142754033005
411 -0.4068203553248075 -0.0015318777579424007 -0.006365874779794879 0.3883869897183212
412 -0.4078850171604667 -0.005536420119015128 -0.004516084011014194 0.3892978271740824
413 -0.40480337117081294 -0.0017266154418110013 -0.005270672889205479 0.38860477585878517
414 -0.40442113246623407 -0.0010544844908467758 -0.006768982246586919 0.3907815337938617
415 -0.40684581191656966 0.004990630385948682 -0.003786548437274076 0.39145366086954375
416 -0.40690367414662554 -0.0030024047316771743 0.005939376208203957 0.3883678877668744
417 -0.40847800755346575 0.00407151702907854 0.0015990363650556397 0.39228128699372344
418 -0.40761142185028665 0.005720732755954858 -0.0011462630938393204 0.3881365168798495
419 -0.40506871681321827 0.001287029727098145 0.004449596791623978 0.38644613456352117
420 -0.40609228542749454 0.001033081895961606 0.00221325522503317 0.38200079879313376
421 -0.40674433360233814 -0.005165729022310294 -0.005169226941079932 0.38569659354962993
422 -0.4084099520332346 -0.002240039011302991 -0.0027019198305445954 0.39122239943276965
423 -0.4102299532826375 -0.003411155570991772 -0.0007784331061451343 0.3963575617835701
424 -0.4097553903362448 -0.0017355003845270964 -0.005219191910524729 0.39391140560042476
425 -0.4073934508222809 -0.0021336452169831133 -0.0020405019286244604 0.390682313567731
426 -0.4068236209014952 -0.0022272585802057664 -0.0012951296906049184 0.3947609023510902
427 -0.4066714978597655 0.001938897280167154 -0.0034908702377191955 0.3903077733568587
428 -0.40518588188894095 0.004210404382826839 -0.00033359351237897625 0.3906329796823073
429 -0.4077674060039534 0.0006586138056405451 0.0009691681826196246 0.39551065302048155
430 -0.40959644308400855 -0.003239610468190949 -0.002819023010225288 0.3897124739236385
431 -0.40950864141232335 -0.0018198863488684412 -0.0030120223528187816 0.38721689137079096
432 -0.40815645851600835 -0.0007260533448464259 -0.001172924841238467 0.3911159775769956
433 -0.4094674594305028 -0.004530655738397407 -0.003315445868639728 0.39340115276085474
434 -0.40991555177161193 0.00620080334683547 0.0029539544563758806 0.39007212832386096
435 -0.40709288371334973 -0.0028138635432466905 0.0037672905588780376 0.3895065243155545
436 -0.4050810689846028 0.000553978661183946 0.002296543591517282 0.39181565004175617
437 -0.40509539487244856 -0.0006180932721711754 0.0020713695476996855 0.3916144312589191
438 -0.40546376440647014 -0.0009373790111345076 -0.0038399501453015602 0.3905181717033304
439 -0.4034927107517777 0.00400855330343158 0.0039426813724060825 0.384711814968918
440 -0.40418705570322466 0.003421782647078109 0.005559782156862552 0.39117127959452935
441 -0.4057285843628595 0.0014224576762595677 0.003261690086076542 0.3894848660375515
442 -0.40747732677690157 -0.00134536369147896 0.0059676912950184825 0.390669987347299
443 -0.4081550823357861 0.005275190905680814 0.0013893707985228132 0.3875492880284132
444 -0.4085052197197866 0.0023522261629982527 -0.0005721667989149058 0.3918402782854007
445 -0.408430238319215 -0.0022418009937472997 0.0002656050048900845 0.39008483103932773
446 -0.4077207615456901 0.0015997967140630098 0.005252107826974704 0.3826663910078247
447 -0.40628776856710697 -0.0009937381046696478 0.0026690056464436962 0.3923763008618979
448 -0.40665693385944346 0.00008323767655976782 0.0017511437360009806 0.39035567347424494
449 -0.40931756295177435 -0.006249120540808825 0.002453708121750689 0.39094726625778764
450 -0.4060230927573764 -0.005294619212636108 0.005363220405119385 0.38948645967555584
451 -0.40532256617173174 0.0003579584989071718 -0.0008246280061503831 0.38958350897592847
452 -0.4076613929482252 0.002340069828035913 -0.000778042520163991 0.39050023251701643
453 -0.40524269900638127 0.005818988083553027 -0.0003498729636630644 0.3919398472859686
454 -0.4046113068314071 -0.0018456957938716568 0.000267316817317578 0.39141516576924956
455 -0.40600608174720737 0.0014424001571438304 0.000040996645854392054 0.3919659638280965
456 -0.40501276763363914 0.005097040515347966 0.001867379308429313 0.38569371056570634
457 -0.4058013522867291 0.0027667808240186627 -0.0004245293262173028 0.3897765344542258
458 -0.4068689472078233 -0.0011290409351973627 0.006264783681510531 0.39049807495617717
459 -0.4076798047459501 0.0030279187989192147 0.003894618294538042 0.3902771010855224
460 -0.4074715631964331 0.004220704510713615 -0.00013217582353592357 0.392364266652151
461 -0.40686054804212113 0.0003720751834297768 0.0013945508174738682 0.3927033699943427
462 -0.40753330193665993 0.0003273684651601316 0.0023116631846578062 0.3924137419317208
463 -0.4088340460628928 -0.002100696478296214 0.0037580348893024138 0.3922369112535345
464 -0.4085552248660283 -0.0022807257595741657 0.0009374207513899332 0.39618244019882687
465 -0.40598806786990255 0.002433289200207994 -0.0007023653927356133 0.39136208357180174
466 -0.40734806067240975 0.0008639188900878958 0.0003880626541235255 0.3967619444426491
467 -0.40749916153739674 0.004345280124386917 -0.00042378457180273425 0.39032974004230886
468 -0.4053430581030849 -0.0006423579956448246 -0.00290285586457266 0.3876430597076535
469 -0.4071298142913065 0.0002443967406135768 -0.007014429128453637 0.3843781079764639
470 -0.40700955552752566 0.0042728545672805094 -0.0018427338314692561 0.3889161550759954
471 -0.4039935812429407 -0.0012056624329132163 -0.0009246857905595581 0.3894885750076724
472 -0.4046255429306294 -0.002163843596910186 0.0032436528716451246 0.3916243435067859
473 -0.4061416125261882 -0.0007773128739994683 -0.002772384555392571 0.39029697873448305
474 -0.4047708276309717 -0.0005257049223142491 -0.002459247722320307 0.38665088585588164
475 -0.40622603843171345 0.0021939853828884786 -0.003744052925162896 0.39043288923273683
476 -0.4094926813715611 -0.0010200878619142663 0.000011041664713219729 0.39050112879156895
477 -0.40635025696838667 -0.0006054061252767067 -0.001056254095993447 0.38913502319857457
478 -0.40558431723684707 -0.00424231601979464 -0.0032256428248122132 0.3942526822185023
479 -0.40808975100914224 -0.001525685069067922 0.00044117789244505043 0.3898577071926606
480 -0.4058745720353363 0.0020238332678333155 0.0002969629411044997 0.3867359238910479
481 -0.4047389183357277 -0.001865400908113412 -0.002574079394999093 0.3855990625000227
482 -0.4077639367628169 -0.0016161830187287347 -0.0040752512032636735 0.3865908022983419
483 -0.40586995679388194 -0.0008792948871134176 0.002460460854406401 0.3878585891756806
484 -0.4016236180146212 -0.0021070476183152305 -0.00004771623767710408 0.3833942048596133
485 -0.4025607551804472 0.0010446908534471203 -0.004265354674788306 0.38876929277587374
486 -0.4059947079863446 -0.003860862167286853 -0.00784145432705346 0.3890252151682274
487 -0.4068112426975217 0.0029623375511232783 -0.00037597402284176445 0.3920870805808774
488 -0.40391846177396346 0.007626454684630149 0.004027789759138658 0.38806337460707885
489 -0.4028180476088752 -0.0006209502530187548 0.005580692875500636 0.38891030616467315
490 -0.40507275038241974 -0.005439041250405814 0.0003673747516507364 0.38877206227970534
491 -0.4081767048224483 -0.004457820340142754 0.000704356125039616 0.3981450979341014
492 -0.4064427045989121 0.000042998589253960246 0.0014935844425550888 0.38996295748704624
493 -0.4035282997060801 0.0007073845097792062 -0.004745606513298763 0.38611453172485194
494 -0.4055853253760135 0.004115154655232687 -0.0004784833804871166 0.3907006550300641
495 -0.40812407174390763 -0.00004032600333878084 0.0028642708728493487 0.39551905873964055
496 -0.41186773938963467 -0.001228240434014898 -0.0038291093699449196 0.39504158929674005
497 -0.41044971116883716 0.005982197936778413 -0.0014757460406518623 0.395705528412074
498 -0.4090049413403999 -0.0005769329241285441 0.0020122158240584286 0.3970723432307866
499 -0.4095805557480561 0.002305782365959035 -0.004781572100578544 0.38973826561765
500 -0.4068366284863805 0.004355395418987436 -0.0008588185657397735 0.38993311257417934
501 -0.4046521593193063 0.004173865038546574 -0.004045673449298606 0.3900256668235582
502 -0.4033581943113102 0.005574194948831952 -0.0014908314662133346 0.3899613717848373
503 -0.40277118894290664 0.0035274909921017565 -0.004180991097039508 0.3872265368858787
504 -0.40213119881785087 0.001239527335420872 0.0028856758591881246 0.38713921215744274
505 -0.40531990121490297 -0.002297277439319343 -0.002883765483782316 0.3882008105956093
506 -0.4067764240858932 -0.007065145874857143 0.002198598847931946 0.3871905652476767
507 -0.40518188381875864 0.003736817250251911 0.0001742612048778717 0.38711879353519074
508 -0.40484116163149686 0.001970200185256468 0.0010837438029429394 0.387062165259131
509 -0.40773154181775834 -0.002241347142474448 0.0009396423352022376 0.38678187832809835
510 -0.40789977531139326 0.0023351438365487843 -0.00016642563987327502 0.39125815156396593
511 -0.40566731320337385 0.004487325317987374 -0.0008382192072876696 0.3904459037968518
512 -0.40629652051889104 0.0012847855053252013 -0.00013342984181862274 0.3885956135642592
513 -0.4042354822548298 0.0030745143989745153 -0.0009444583196789718 0.3889063751906248
514 -0.4046296199361925 0.005762245402712732 0.0025532366256383206 0.3854465146742835
515 -0.40734221658115377 0.00506887653959208 0.009325649028707429 0.3907724069554106
516 -0.40805070536937577 0.003590270598853345 0.00435771057852493 0.39002321909666937
517 -0.4077502279977113 -0.0009281293007340747 0.0022238553321911885 0.39553078202577824
518 -0.4067260954872825 -0.0014496326509832792 -0.0007362187371598799 0.391375398361139
519 -0.4077319893849573 0.0036251131342306554 -0.002170691087278508 0.38772810748946845
520 -0.4056351091325606 0.006130113094279664 0.0012905719098767184 0.3918219498048249
521 -0.40319433276744365 0.0027115878151623566 -0.0016224568105848087 0.3918278006788976
522 -0.40652355777968946 -0.006123825387547306 -0.005170584236818457 0.39096309584925815
523 -0.4093187868625739 -0.0007563914756154155 -0.0034860031009774635 0.3912061012574633
524 -0.4084632703626486 0.0062524210730753775 0.0001656243243138293 0.384908250203002
525 -0.40725072005323726 0.0007519349704773969 0.004513790426386979 0.3895170509808872
526 -0.4074872817976538 -0.0014947545771074216 -0.0003414187842414424 0.38832174027895566
527 -0.40470735933077967 0.002094969556049328 0.0019462092632885953 0.39150039662113856
528 -0.4032534417525918 -0.003510091850570257 0.0003153981335700658 0.3890135367824353
529 -0.40724512990288664 -0.002045048231521875 0.0013267384668269884 0.3922975404457566
530 -0.4082297067774292 -0.0001193356779171852 0.0015386304160553037 0.3870538306423755
531 -0.406944463511341 0.00026316105187298506 0.00306804540015454 0.3894051995987596
532 -0.4076777451783927 0.001724164447846236 -0.0007911014467119832 0.3934320040023674
533 -0.40988200435492134 0.001380360154020256 0.003945212341859973 0.39494079198657295
534 -0.4098671895109146 -0.004228647076387126 -0.0021594121379705064 0.38869965576530324
535 -0.40818713208351814 -0.0010982374633855007 0.0023486827273309576 0.38843815936828957
536 -0.40820991493442976 -0.0006898238454805996 0.00001542788011760386 0.39156019580704954
537 -0.4088856183927133 0.0024805318086622372 0.0026820356466535954 0.38923848220462576
538 -0.406061835984775 0.0009272595613875071 0.0049133533275849866 0.38936597495333686
539 -0.4043502215995368 0.00044510541979417224 0.0029833673559761915 0.39188513440684486
540 -0.40320660524106683 0.0017620163549183936 0.004016039316286183 0.38850987111785945
541 -0.40159476967829755 0.0002320865288555995 0.0036671337268133763 0.38653526216583156
542 -0.4047904585620017 0.0014194418191212238 -0.0003406294583427827 0.384893503623638
543 -0.4058733060521495 -0.00039800583403179404 -0.0022488049095935807 0.38638680821324156
544 -0.40436556746855284 0.0026542879838040265 0.003590895588980399 0.3836851007704619
545 -0.40671985166691504 -0.0034704272645564834 0.006427694739580584 0.38482946245070787
546 -0.4085698254292952 0.00022529079450923177 0.0041543109032817875 0.38861045605003913
547 -0.40832722771974544 -0.004491111813835915 0.0009047110204106979 0.3912135392421236
548 -0.4075890570655096 -0.0016887113694408267 -0.0035426242430781356 0.39390932782089383
549 -0.40755684120710306 -0.0009050332613334526 -0.001608901059104366 0.3872065112603949
550 -0.40736807980950573 -0.0006755052839271151 0.0029615596820930052 0.3880107428842627
551 -0.4068940367689188 -0.0009382506759641434 0.0033991373887410476 0.3839180791382983
552 -0.40699216223084617 0.003955822017086596 -0.001527066018543487 0.3918263542350445
553 -0.40468278210403213 -0.004810759979814058 -0.006731194080872245 0.3906517926157922
554 -0.4043080191266622 -0.0014212307351162798 -0.000935003676381898 0.3909551016838852
555 -0.40444446079190344 -0.0008302098385294836 -0.002302231920100647 0.38996697249498863
556 -0.4032091856085582 0.005239865014449619 -0.0009360323494019789 0.3882538968923514
557 -0.4033234275025283 0.002344140743696577 0.0039111275379625 0.38665234117310615
558 -0.4028165280857576 -0.000611171071832997 0.0020578783229371054 0.3832016592680222
559 -0.4042313329018416 0.002488247702612601 -0.00023894982570256087 0.3874541901052212
560 -0.406689546422368 0.00021103933758641008 -0.0023916481865879644 0.3902847706135007
561 -0.4067357464177278 0.00443847501470422 -0.0015043348799757843 0.38951363696397884
562 -0.4065100635710092 0.0015365425780252218 -0.0019815735307992842 0.3872702343904759
563 -0.4059925495755084 0.00041564787976047026 -0.0002660936353832418 0.39123000530874824
564 -0.406365381626969 -0.0003556581480791269 0.003197581525860367 0.39257093540806526
565 -0.40635691015301423 0.0020958474562199417 -0.0003750064673291431 0.3962948144097423
566 -0.40465449189022595 -0.000041377769634853665 0.002121909406449344 0.39226376505241145
567 -0.4037052319973785 -0.004269018317172409 0.0007357412495500769 0.3855849779879651
568 -0.4047380401597873 -0.0023919901306096916 -0.005751731986736568 0.3885904487267801
569 -0.4072698303728715 0.0013407909137770747 -0.0007776551852049034 0.3899781599864277
570 -0.40778209164615875 -0.0018205771774643144 0.0009732294853136457 0.38671056215713484
571 -0.40696862867065653 0.0010402664004675163 0.004074217463698516 0.39157176028066215
572 -0.40503167388607964 0.001463310358436923 0.003141475325913954 0.38616400026459635
573 -0.40282833076148244 -0.0016177074628322438 -0.00046228291391196385 0.3862547257144284
574 -0.40317382112176386 0.0030657772376960803 -0.003417602875253711 0.3872335799830169
575 -0.40196102319343735 -0.0015010602602090369 -0.0007215123591240735 0.38692098886707565
576 -0.4045842206969733 -0.0006047769448909268 0.00423793241680052 0.38792431303988945
577 -0.40680507704690105 0.003439192377750274 -0.005678203884237755 0.3915956974083666
578 -0.4032217085168475 0.001882500079789864 -0.003268761307472089 0.385664409445399
579 -0.40217954341321205 0.004299768848944468 -0.0021937197705374292 0.3876985098577522
580 -0.4042470198720817 -0.002734886313188554 0.003014385202626937 0.38938695068680657
581 -0.4071118618230908 0.005196825951832967 -0.00024727766350665805 0.3913451509557531
582 -0.4067755042259911 0.0012386381572556898 -0.00005925325819430848 0.3877761805406477
583 -0.4063372481408744 -0.0015322218692958764 -0.003832379896467267 0.3881462306143389
584 -0.4090765867579891 -0.0012762530432555523 -0.006700906315122116 0.389576262627558
585 -0.4071819229294609 -0.002221025583838178 0.0009646137311087399 0.3934716788210919
586 -0.4051593924608471 -0.0008949154922859758 0.002035546330733409 0.38667196638534496
587 -0.4085297705659399 -0.005332247939836492 0.00734724497859548 0.38853285076339117
588 -0.4074235360524618 0.003519118082773299 0.003209005578431599 0.3908912381205127
589 -0.4030078977742127 0.002479780304148248 -0.0007931747490364081 0.3876110679603964
590 -0.4002837288480931 -0.0009840234921784997 0.002739986342591426 0.3883044647117794
591 -0.4006881505644906 0.0036339242680220162 0.0021905611166892986 0.38616233604655786
592 -0.403776817292391 -0.0003713274452093023 -0.004011864960450808 0.38565890747581444
593 -0.4055280439859502 0.0035772866046398792 -0.002315050196549861 0.38659184160776383
594 -0.4058233989617065 0.0033117614436349897 0.000005117992827162356 0.38868773081798913
595 -0.40769321238550216 -0.0023040879024588375 0.0014085988972132885 0.3910376043947675
596 -0.4079075086883888 -0.004422180447687752 0.0016171358763589544 0.3907907592425143
597 -0.40371961851134713 -0.0012643200488621597 0.0013873291618848353 0.3884644310371818
598 -0.403510443180586 0.000672533676600486 -0.0017476328461709222 0.3883222390996862
599 -0.40511776555074824 -0.005027483862918264 0.001490979436035093 0.3926205643712192
600 -0.40503043130893057 -0.0001465528332668481 -0.004366195066725072 0.3887494438091222
601 -0.4043780460181144 -0.0016124242585519536 -0.0010436819760415161 0.38563673568222323
602 -0.4055403947063257 0.002264247140916599 -0.0017700911745507143 0.38620949304759883
603 -0.4083747131242861 -0.0016996456385114658 -0.0017502688005060437 0.3901821887513697
604 -0.40872055018420067 -0.006389597912426137 -0.0023042779401689748 0.3895062410142787
605 -0.40781931952274864 0.0006680804310564355 -0.003387254619603493 0.3933836249657087
606 -0.40695370392515995 0.0002899881290087837 -0.003999064686965099 0.39460615326094983
607 -0.4066900145182953 0.004355526936529861 0.0032440130949660307 0.3904686470669964
608 -0.4072351294600907 0.0007013894877267687 0.000055950807591052474 0.3875206564492257
609 -0.40612862189409776 -0.0013452508079716972 -0.0018352595165540956 0.3932124279899389
610 -0.4077081207202404 -0.00012902237242776347 0.0006343404648743817 0.3883342237006333
611 -0.4084384416675857 -0.005401183011303636 0.0006456324783458841 0.3927043492331356
612 -0.40714738856304156 -0.005339327318020246 -0.004588258799485444 0.39024686983414075
613 -0.4073527547038746 -0.005023901361569773 -0.002035897986152757 0.3937341332518766
614 -0.4056211501128283 -0.004395505320132914 -0.0026361272650262777 0.3893959363411381
615 -0.4084537642378891 0.0010551768235837235 -0.0007660217673882967 0.38735534775464986
616 -0.4067638976373451 0.005644694996245306 0.00001563919447993434 0.3905539279875547
617 -0.4032873735156353 -0.007176156350441516 -0.0011546869658980578 0.39012281944772903
618 -0.40619276515396885 -0.0017437150265703697 -0.002621768503258239 0.3904512937837764
619 -0.4069346589105224 -0.0003971637406520376 0.0004795167395709774 0.38670420254047244
620 -0.40890788631718994 -0.0023778756820552124 0.002569854243265406 0.3883675070276326
621 -0.4110701820755085 0.001733488059496255 0.002123473856946981 0.3936046358040892
622 -0.4084283993966672 0.0011205588462809442 0.002321461551262502 0.3960691632232048
623 -0.40687508586008775 0.0044859085528703175 -0.003550099438175908 0.39126196749443665
624 -0.4098719488063161 0.0001235790861584984 0.002878464596506898 0.3885967904315851
625 -0.40822948744297544 0.0002414552415080726 0.0019114533593668401 0.3906790465650056
626 -0.4048511095300417 0.00011265833700304495 0.0021761562493968897 0.388314329659554
627 -0.4056204978739169 -0.002664890323951804 -0.00023455810534590244 0.3922342276412788
628 -0.4093831086879502 -0.0028769776376702675 0.007426980746834525 0.39181479266452623
629 -0.41018214856808494 -0.0019607658785171463 0.002234751390928415 0.38845076058553263
630 -0.40611685667298775 -0.004188964063692078 -0.00029203952960564104 0.39039146684869
631 -0.4070573080168666 0.0020545151861691173 -0.002030309922908102 0.38870989000109946
632 -0.4089304545502919 0.003968037653658655 0.0006885421543451577 0.3931649770084543
633 -0.4061433337109969 0.0019509625354841094 -0.0008913483016716854 0.3896472050927409
634 -0.4054955600951475 -0.0014016249099234048 0.003748086679408682 0.388560513238404
635 -0.40453803756415985 0.0015768871498039177 -0.002306352777458289 0.3878885142619349
636 -0.40538481039374463 -0.001297065631050066 0.00187462449197034 0.38887505178212
637 -0.4089234915651283 0.0009623637100406927 0.0014860853015142223 0.39434559322958956
638 -0.40742163769330564 -0.001853968021760603 0.001477927903067985 0.3927994710569837
639 -0.40572968280767174 -0.0024688910206108966 0.0006744430260658255 0.3861712458080929
640 -0.4060689898245829 -0.000873203159551542 -0.0008779603527935479 0.39048445858010883
641 -0.40667100953382984 0.0018478747881118993 -0.00363374063300596 0.39023056084900026
642 -0.4066313043247785 -0.0008154717838988873 0.0033362608145321225 0.39056393744430734
643 -0.4054038231365899 -0.0023861132356404343 0.004148949559907 0.39077502166063366
644 -0.40459002313424575 -0.0011217709511987986 -0.00033659053828746506 0.38910115400770284
645 -0.405466028699821 -0.00022904020542255938 0.003036520163719658 0.39188732168966667
646 -0.40611395261164984 -0.004640667932709424 0.0005567942278965528 0.38504907282826073
647 -0.4049047935377766 -0.00028759099024886566 -0.0015272873789682752 0.39343151758662953
648 -0.4052352833390942 0.004920949493319659 0.0033885627509862917 0.39277185030261025
649 -0.40880540958370243 -0.0032526214445628677 0.002596383236928408 0.3912232552219379
650 -0.40958124563382 -0.0014232335519843474 0.002955411922559056 0.385242281569973
651 -0.4072583327125801 -0.002562255837238946 -0.0012768314805056541 0.39269857755906723
652 -0.40522973652791455 0.0018426608430248902 -0.00332181072521862 0.39224177273518696
653 -0.4057507295000765 0.00079976228801397 -0.002362057983290322 0.38682392672362176
654 -0.40823116700174567 0.0012806586480485994 -0.0031411427476722717 0.3911339065777561
655 -0.4083227250927914 0.0016658256047544875 0.0038521805086609013 0.39293004981842916
656 -0.40759789612705005 0.0007803129531355292 -0.0022314879503550237 0.3924228923341554
657 -0.4067820830579018 0.0015086883912167857 -0.0019573460583432777 0.3882559479936403
658 -0.40502527269316774 0.0003263904106115086 -0.002861824518099814 0.388261542741405
659 -0.404860779794627 0.0020538036017307896 -0.0007088705013045178 0.39154882548653125
660 -0.40492330162503204 0.007839732493081225 -0.00023195983220345576 0.3893980539827568
661 -0.40715981481396196 0.0022941833101082876 -0.0001260839917456539 0.39258234655755353
662 -0.4062568859961954 0.0052587345474304536 -0.0060404529458201305 0.3911061158815705
663 -0.4055185055038512 0.000848138322750905 -0.0029233642324436116 0.3867288658182844
664 -0.40706845243271106 -0.0011719142107925568 0.001117201807877186 0.3929092783707289
665 -0.4075644405034954 0.00033581487407565363 -0.0006567104836357658 0.3977710504894827
666 -0.4091838204332893 -0.0010444206089999367 -0.001968660688732128 0.38773698874855705
667 -0.4076695038285505 -0.002373219119532249 0.0011179513182376268 0.38861286916668325
668 -0.4044971013618766 0.0016812629233549222 0.0014025508219589486 0.39230463038478175
669 -0.40526562904596614 -0.0006508720257942444 -0.0037504890542892915 0.3892276935097379
670 -0.4072858562651742 0.001691740029973541 -0.0029989782407374294 0.3896664840287907
671 -0.4046239278930968 -0.0024858767220622543 -0.0029790417481593977 0.3868825768815351
672 -0.4056176932095162 -0.00118888227777167 -0.00018920147623338729 0.3903752645252287
673 -0.40774229051841926 -0.0005563824781317866 0.0020798854793917685 0.39204001529087484
674 -0.4076419592994556 0.00306133222132776 0.0003785875913469564 0.38658138271924886
675 -0.40752313880701063 -0.0028462858479946195 0.0018009303013372087 0.38595707417102726
676 -0.40544662535328363 0.0011934373698448577 -0.005068825987775166 0.38703883818514734
677 -0.40525499930924974 0.007052069458208839 -0.003938139437170642 0.38771628928016677
678 -0.407840919762122 0.0001140616339519457 0.0013804745968354632 0.39017740615041885
679 -0.4085004375970805 0.0007770820474820316 -0.0012192367695724668 0.39058753694512655
680 -0.40620032977925796 0.0007908249864085196 0.001938928655294835 0.38848052471620687
681 -0.4041391845779529 0.0028256039440912634 -0.004207455354842801 0.38953976587659395
682 -0.4048995898955799 0.0015256343868497234 0.00038243187199760723 0.3934840758986923
683 -0.40636825092029866 0.0013691298530767173 0.0043517787677525965 0.38683529542655803
684 -0.40640853570458557 -0.001857880444193654 -0.00014903658919709578 0.390245879348896
685 -0.4064769138732689 0.0031077204432840232 0.0006494633610334804 0.39417821444974827
686 -0.40833135427664824 0.00047960032198208103 0.005787064712921209 0.3896736581760003
687 -0.4081754543284887 0.0029902904979817006 0.0020806148396070472 0.3873282731826755
688 -0.4073874616426738 -0.001672887046997618 0.005098095473385798 0.38933052618471475
689 -0.4068977758403266 0.0009978327670021497 -0.006195008454719553 0.3949073167839471
690 -0.4068055486396047 -0.0025381053762983017 -0.002364340672102158 0.3946314457256065
691 -0.4099842812260106 0.003183573936113237 -0.0030760163626421945 0.39107492621469897
692 -0.4078854712684472 -0.002870599215261847 -0.0006051100809275209 0.39257582560221016
693 -0.40462410918203906 0.0038103267319413384 -0.0004741010301171384 0.38904258374095074
694 -0.40595735681725953 0.006400043219929129 -0.0006176016139039433 0.39435783279381526
695 -0.40479792955752375 -0.0006687062422863823 -0.0003574667836691697 0.39209180447968145
696 -0.4050044359739392 0.003789909367222424 -0.0005663332900558279 0.3906284874015137
697 -0.40864538609333473 0.0002915443333472805 -0.001317098518281939 0.3900328963472465
698 -0.4094697975098042 -0.001421631716715564 0.0076900680561447395 0.3929783981616553
699 -0.4073304093590374 0.00346192224222868 0.004340931574340091 0.3926701539368072
700 -0.4085736473615419 0.0012751303625485194 -0.00016559825170780554 0.388318685160585
701 -0.40874442129340904 -0.0013345994906074944 -0.00028911089743045 0.39110490838766865
702 -0.40582646872001743 0.00024907929550508506 0.002706739482707711 0.38838526345840885
703 -0.40715010184376516 0.003613421381862424 -0.0011941494646170888 0.3907013533760321
704 -0.4105924936246799 0.006335290913050528 -0.0019008442922477846 0.38730184408102164
705 -0.4119407752824441 0.002139178273734672 -0.00007353907815557679 0.3877831964736855
706 -0.4085941981252308 0.004235746157463563 -0.002558265740563 0.3934335637590035
707 -0.40824742989597484 -0.0003120356485864232 -0.0030639708087233882 0.39060987305236095
708 -0.40725697441681424 -0.0023839469220919484 0.0036763563940231956 0.3914061248774859
709 -0.40523699982117606 0.0036287395578176564 0.00044128884666140176 0.3892764884626467
710 -0.40774189077457723 -0.0012472947113636244 0.0031090558599329928 0.3905998601744429
711 -0.40962859004791224 -0.006405073518069762 0.00026585325701552337 0.3925569206509681
712 -0.40852709427378237 -0.0023124493332469043 0.0009492473917840943 0.3905363688478489
713 -0.40413965787047307 0.0006362340423361237 -0.0016857643792896279 0.3889904872033028
714 -0.40474904037134596 -0.003286061571072916 -0.003637704053331777 0.38978540233956677
715 -0.4093226942863487 -0.004893943912928182 -0.0032292342041341767 0.3901408361029567
716 -0.4072879493634689 0.0005022941488287408 0.0010087399599725227 0.388900843095183
717 -0.4050050068937077 0.0014317910990501966 -0.0024492871825698014 0.38757754552392076
718 -0.4052731063789984 -0.0030296265336200766 -0.004348312100110568 0.38742343283295155
719 -0.40416417696351825 -0.003732863604842107 -0.006548643273436139 0.3893913613692891
720 -0.40474286608404764 -0.002436699567300715 -0.001401568395929759 0.3912251659555532
721 -0.4061938106320996 -0.004609568820836434 0.008144433620699654 0.3904790807535492
722 -0.407443845958214 0.0017351974853717738 0.0007375762183245576 0.38762737203168257
723 -0.4073348487513445 0.00028043525145455644 0.000970234691041595 0.38968321415283264
724 -0.40740439098127146 0.0017038674845821246 -0.00037162368581660366 0.38940801573696626
725 -0.4060744036069712 -0.003892033915126255 -0.0017026654584099876 0.39027825541631467
726 -0.4076028516302688 0.000021474306737640226 0.0056252533940462646 0.38902098912630545
727 -0.40944257320560024 0.0024098645775855283 0.00048595524076925235 0.39147454869980797
728 -0.40726363153123524 0.005696994781943353 0.0029410566411922894 0.39419844193785825
729 -0.40609384032522705 0.003096498433493618 0.005430272836420367 0.38362679745209544
730 -0.40733907223341914 -0.0014462124536309734 0.004301375975928788 0.39028324107573736
731 -0.4096194199254709 -0.0028833026101736186 -0.0012401200657719453 0.3942785005215109
732 -0.40994349532940644 0.001964751504530271 -0.0008224542602991819 0.3924464793950037
733 -0.408784127079586 0.008587220442688507 0.001849310220906069 0.3890820858761289
734 -0.41042388843754984 0.003177493568886009 0.00007076395384341354 0.38641763799314516
735 -0.40841785398080127 0.001301785695742661 -0.001290765553551146 0.38843487712721736
736 -0.40495785756067026 -0.00007367145728516921 -0.0035027289369493004 0.3898741832829554
737 -0.405449349738812 0.0001304828796026436 -0.0023969900029191344 0.3893044465085426
738 -0.40609841020997667 0.0011683902945805228 -0.0012995599437308418 0.3878898600387221
739 -0.4076303473348013 0.0015802756435856912 0.000159679160234201 0.3873990355960782
740 -0.40736464092158536 -0.001955875846976671 -0.001720995208640925 0.3892118570617865
741 -0.4070437300567236 0.0003501466071667114 -0.0022990881025840596 0.38841210932469916
742 -0.4055893309046678 0.004346733627791652 0.004607695540564941 0.385131591928533
743 -0.404963910255457 0.002790471948244684 -0.0001565644263579823 0.39116497603517775
744 -0.40584197236881436 -0.0007268898329046605 0.0008650917451111094 0.39477177599122043
745 -0.4048033679285794 0.0033309534639026253 -0.0012226791167253203 0.38810551466913196
746 -0.404826542310843 0.006036293496255509 -0.0031595340097877282 0.3822374490183115
747 -0.4060469928271507 0.006998764073320403 -0.0019242098825371168 0.38751113233513096
748 -0.40836853273234197 -0.0019099539458834788 -0.0030130136156309214 0.3864551697624165
749 -0.4088724055500166 0.0023100504949071232 0.002899997803562247 0.3892164079361599
750 -0.4064066691287581 -0.0004785956597669622 -0.0028842167929567617 0.3897403729001182
751 -0.40478720405486596 0.003194624213394265 0.0007406330032053855 0.3920696685781377
752 -0.4036667646478614 0.0025015685956675865 0.0024150956785093853 0.3849976577625366
753 -0.40794836937818635 -0.002960582710469552 0.001711999446542341 0.3899886512924046
754 -0.408263754767384 0.0010287597525576837 0.0014100889137148923 0.39087354923477025
755 -0.4045790248497612 0.004578241237014759 0.0009161573048894061 0.3886656709620487
756 -0.4066788732930011 0.004643306090076903 -0.006662655499196508 0.3923996175058845
757 -0.4053072978633 0.002601610077610143 -0.0000686243985318778 0.3878440412254222
758 -0.4059911520137847 0.00012922209358360751 0.002081287733609887 0.39569368723275167
759 -0.4086977465926352 0.005709842122065998 -0.005872265518791263 0.38876873412531027
760 -0.40487342937988463 0.004447229156643617 -0.004340342029455484 0.3866835679580714
761 -0.404165626117302 -0.0033573717963273006 -0.004238691952475854 0.39002318284353327
762 -0.4051726485583565 -0.007271711707970346 0.004711908488393598 0.38564431694908735
763 -0.4061932866843892 -0.0020789254728819572 0.000010387100210394875 0.3885207952267102
764 -0.4067845419073755 -0.0017707017112244374 -0.003475332760816284 0.38882594436053275
765 -0.4056892140626285 0.0011296368539307085 0.0019999306565284935 0.38613291112745063
766 -0.4080464438999539 -0.00148578928769394 0.001973957853705709 0.39178060096245876
767 -0.4071580169310205 -0.0017191587888640387 -0.0006100175970927664 0.38804169623716767
768 -0.40580146257320027 -0.0029678180507935834 0.001010237305112658 0.3931870703358238
769 -0.407260284823063 -0.00020169950814413247 0.0034488216621075376 0.3910217964952328
770 -0.4087947309226956 -0.0006067834335305348 0.0040953323446937615 0.3900783969702545
771 -0.40742013349352313 0.00033457357266777167 -0.001945638527044185 0.38882341259929615
772 -0.40502855999342646 0.0044839704378087635 -0.0037282717889790904 0.38915611064913647
773 -0.4029643470521214 -0.0031308884145414876 -0.0024360198082942577 0.3862124904663775
774 -0.403135338993612 0.0010939480344439058 -0.001787400116631892 0.39275368933584814
775 -0.40634956029899916 -0.003863991981368307 -0.0007882077772518634 0.3854404763892989
776 -0.4065881008253631 0.0003149243401764965 0.00023184821303513654 0.3894287919107065
777 -0.4067687694790153 0.0030155320783687226 -0.0017325730214033902 0.3920239739286123
778 -0.40703437460781977 -0.003527652233123675 -0.0012655931380753703 0.3903686825579474
779 -0.40613281785385674 0.0010585738329120036 -0.00001887067311297542 0.38938322764064054
780 -0.40611299821462304 0.0014273957874492626 0.004705867367440786 0.38930491229041475
781 -0.40728410874905646 0.001623359823516687 0.001197300266574082 0.3901980914104157
782 -0.410199787978014 0.0020310288645356417 0.0015394597077330724 0.38981795266776426
783 -0.4087749020863102 -0.0033371118973191042 0.005041670246300882 0.3885206758420938
784 -0.40479441031538643 -0.004704079879483467 -0.00033660779260386676 0.3864864967518817
785 -0.40510501289275785 -0.0063146991355917835 0.0018696591392713033 0.38829195910074876
786 -0.4060106154380829 -0.002660840234295753 -0.0018233647633120512 0.38914110606205254
787 -0.4059008793639281 -0.0049598556564249335 -0.005081310513715681 0.38560055270226545
788 -0.4079745106039862 -0.0034467124894108094 -0.00777242615875611 0.38755687245693055
789 -0.40699661021547573 0.0005933447844352298 -0.00594857465960054 0.38833685430442044
790 -0.4058087472226198 0.003142031902546927 -0.006536382011841347 0.39013453185472324
791 -0.4064646862834423 -0.000173724808078283 -0.006764132424455272 0.39015361256528946
792 -0.40713089980945294 0.001483042270420222 0.000018949200868272154 0.3890804437328154
793 -0.4067303038899356 0.0028201809930347805 0.0007381919952108888 0.3876650104003742
794 -0.40541365629209686 0.0021706556088822455 0.0004586754242029057 0.38839838214268974
795 -0.40787851718046036 0.002593440902080491 0.0017892524891813502 0.3893061101994586
796 -0.40981509954715484 -0.0010292088896173544 0.0022351976272272055 0.3919887334941528
797 -0.40924130436769224 0.0006065769708891941 0.006123601662093785 0.39388580002236795
798 -0.4074235425111518 -0.0011620455919014365 0.005759532460261432 0.39190199203458576
799 -0.4089156128501764 0.0032627571554427674 0.0007090697796535021 0.3919914798942938
800 -0.4075019195326225 0.004868185037920768 -0.004094549295103413 0.39332881052545
801 -0.40381741554086176 0.002063522540255917 0.0013069102952198047 0.3875413030599032
802 -0.4007350997878878 0.00018565375382401187 -0.0026760211811365613 0.3859018204419688
803 -0.4031150124019628 0.00033832930243927925 -0.00020100029845398796 0.38831565529922357
804 -0.40919434464487964 0.0031367520380317666 -0.003908116515061552 0.3913107728461535
805 -0.408597910986861 0.003284568064653302 -0.001930834474330242 0.3916752209716334
806 -0.40584917610986426 -0.00006345353235230992 0.0029937229078567033 0.3934778782498898
807 -0.4037481169845197 -0.001286277793571984 0.002899723080643681 0.3836464686786452
808 -0.4016839875654374 -0.004639532467660185 -0.00042544312099268306 0.3859247419918866
809 -0.40620725417931464 -0.003816889638898769 -0.0011959813499559436 0.39214660708311627
810 -0.40935140545173143 0.005043186322406398 -0.003020264551973919 0.3903580888579553
811 -0.4063557262695847 0.0001278045023434868 0.0038429238056571597 0.39331840449715316
812 -0.405932072340882 0.0012785664160732762 0.0020483600670329043 0.38863220281340727
813 -0.40516177197187886 -0.0022552550846178924 -0.00011619174090511757 0.388745785790454
814 -0.4042264414707375 0.0006709240511288342 0.0018574096962783232 0.38927231010971725
815 -0.4060200631144011 0.0009333849413854393 0.003896813942263314 0.38840451391031217
816 -0.4101844826646493 -0.00004702077807764998 0.003149592425502259 0.3945525694272965
817 -0.40777353032677144 -0.0025334097935231104 0.0027107309063308595 0.3964857465300128
818 -0.4019360777246543 -0.0020585824187777982 0.002928099859568343 0.39141626824500864
819 -0.40387706448651334 -0.0035400932032035874 -0.0014438114981248492 0.38996580151373395
820 -0.40690465181252483 0.0024723449706472644 -0.004811842486118153 0.39354693458980733
821 -0.4059335371470577 0.004574909875673248 -0.004387628108583898 0.393932592675358
822 -0.4057251316799802 0.005746728771729727 0.0014818689564608707 0.39106058257704057
823 -0.40952200606864847 0.003958663621589095 -0.003879898744545009 0.3915041093136451
824 -0.4126769770550798 0.00008993726629484329 -0.000736133109692598 0.39331503907812204
825 -0.4118042582552635 -0.0011566084674060244 0.0009775189334220132 0.39595658827517916
826 -0.4091757531270784 0.0011539583503518234 -0.00003698819442609925 0.3924471775096149
827 -0.41031274513182686 0.00421999841871379 0.005175337799814173 0.3936660226705744
828 -0.411429869857728 0.00297987914508055 -0.0005288106469468628 0.3919579603609984
829 -0.40866476059421747 -0.003451783648940643 -0.003144434917728661 0.3901866839329688
830 -0.4075463557112648 -0.0016001658944695214 -0.003014725709688397 0.389732439661372
831 -0.4093492305260676 -0.00940502487194519 -0.0027338628256378932 0.3902264075754523
832 -0.4091275159495733 -0.0036600972932448943 -0.0051874680232406895 0.39044267386285814
833 -0.4069609386300307 -0.002467087499485821 -0.003360918548464258 0.388075250038337
834 -0.40468272534313193 -0.005888807867566371 -0.001691917674760163 0.3914522886484766
835 -0.4044885911375598 -0.0037611310515151155 0.0015294077894280381 0.3893302898479057
836 -0.40518725839906305 -0.0028631159620020894 -0.002139195136551099 0.3875277644512162
837 -0.4054949441689041 0.0005715399336404692 -0.0008809087987404324 0.3882578931523446
838 -0.40783768286100547 -0.0016858234260227372 -0.0016933694434988669 0.3897273886883939
839 -0.4066136822488192 -0.0011000001251362424 -0.005332857870933856 0.3889415104641709
840 -0.40678173041472854 0.001510011540555497 0.0005941846682225911 0.3900376825327438
841 -0.40672056737677953 0.002357471067474698 0.0037452635908005313 0.38898376481238706
842 -0.4006298178089239 0.004367725934128555 0.001994386205685164 0.38875026460146306
843 -0.40387249481567067 0.0038702689170074397 0.004279612517013175 0.38276915712464965
844 -0.4101861794633187 0.007523021377327471 0.0005101032619169982 0.38928867881796214
845 -0.406415046013427 -0.0016941063389319592 0.003581894498062665 0.38755911524503334
846 -0.4047357633761561 -0.0015378601775588845 0.00734499468293859 0.3944068671453777
847 -0.40592639190344154 -0.0004786590722848924 0.006241413298419937 0.3918198853245147
848 -0.4056742653743979 0.00311456460252842 0.0009843728950633078 0.38784165706293594
849 -0.40690842009539324 -0.00024355591134222115 0.001286335804602119 0.39572003721257953
850 -0.408996466170097 0.001043859367426578 -0.004553560743685286 0.39152942676045654
851 -0.4083087089065321 -0.00019213973360365054 0.003500640126279863 0.39074409616451367
852 -0.40697781044337555 0.001955381307669856 0.003202712322308105 0.3861838263941869
853 -0.4053175290858498 0.006700814056964265 0.0008650717699552579 0.38558451088575973
854 -0.406406333446945 0.0072944904688421255 0.0006165216761990887 0.3884131244399019
855 -0.4090754083975214 0.0046553333804568026 -0.0004241853857111121 0.3921792930786636
856 -0.40879239034145715 0.0032881077123762684 0.0024790298346906332 0.39137717534286337
857 -0.40735985744806896 0.0008650679836093667 -0.0049449874086050834 0.3924544030897169
858 -0.4075109532787831 0.003918811823707383 -0.005362904481114417 0.3879744236030411
859 -0.40841033023336193 -0.002577204119440698 -0.004786362751452772 0.3888999697406333
860 -0.4071927174520371 0.0014508131388736264 -0.0010026866788700147 0.3947975265220743
861 -0.40947110397419995 0.0011683052247841268 0.000043579470250604716 0.39494450077244075
862 -0.4069014931067039 -0.0007313539078224281 0.0032176732685234993 0.38916204761402706
863 -0.40403796708560863 0.0004182245843917649 0.002118197269719407 0.3910971706001905
864 -0.4076129849377266 -0.002115664639328263 0.001295795952250787 0.3909940828187035
865 -0.4061474117618061 -0.0008952747166685273 0.002222986331843519 0.3884713030524034
866 -0.40621009834682215 0.00395999621445423 0.00008424985419562063 0.39058392311212053
867 -0.4085512511792157 0.0029677100093973927 -0.0014681136517111445 0.38979446980016774
868 -0.4074300789133494 0.00209573581117343 0.001964156836293342 0.3924638202508912
869 -0.4054656409235515 0.00017823215790453017 0.00042725510052845706 0.3887919912269971
870 -0.4045456710544294 -0.0018462074348981883 0.00011191989766116424 0.3859653231810089
871 -0.40325937075785767 0.0014917839209769913 -0.005443258618512284 0.385022981140086
872 -0.40160631898408267 0.00043659718124000016 -0.007086430191708121 0.3868836080802519
873 -0.40413006817701574 -0.0026109245289306126 -0.002514471633776323 0.392839396181973
874 -0.40748623947025164 -0.0002746645643968832 -0.0019729995473410857 0.39492503634537224
875 -0.40731456815040873 -0.0006889656762072102 -0.004561400213240748 0.3915081009167144
876 -0.4080191292872933 0.003274287989365451 -0.0021465213582123497 0.39140386404170724
877 -0.4065018250042595 0.007172079867269423 -0.0027120599267031914 0.3877417467771947
878 -0.40479220914021075 -0.003171878453094933 -0.002155337580869347 0.38966726327377516
879 -0.40762065115958973 0.0015721811992791637 0.002786972258599208 0.38819630838055713
880 -0.40845261156269824 -0.002805544872869954 0.001004195029211476 0.3922779493461271
881 -0.40846096360731604 0.0031375291414931232 -0.0009380309044904386 0.39352239249794096
882 -0.40739516655841046 -0.002127861252509896 -0.0018216924750335285 0.38944508587463555
883 -0.4059417807027349 0.0036434347995815924 0.0015651304737971626 0.3874237255392825
884 -0.4068125562600147 -0.0014932594139417232 -0.0023836646477661014 0.38892697729434006
885 -0.40717726209342814 0.0004110566685527861 0.00005464127210550636 0.38848460256489664
886 -0.40699020441393674 -0.002104878074563466 -0.004214641040172114 0.39043623445358955
887 -0.4099677952811704 0.00035523409145149547 -0.0009570827269509529 0.39320836152590033
888 -0.41129725567251163 -0.005264121157479212 0.004826750980360643 0.39463032440306667
889 -0.4061711425865928 -0.00017788264589319063 -0.0005912753235544998 0.3896273722849135
890 -0.40447905431580344 0.0005296820247649208 0.000040218384996308346 0.38991733067492473
891 -0.4070265067225328 -0.0016058816624372487 0.0007755084325553975 0.3907162905474759
892 -0.4087044224881215 0.00037507026266527606 -0.001613539786763709 0.3949663299090678
893 -0.4073652011194374 0.00412873190835005 -0.0029227371684702277 0.3927783981177906
894 -0.40393227963544154 -0.0004419446060243438 -0.0027394111117408112 0.3876448679907654
895 -0.4043236015901893 0.0014594719717643193 -0.003571480862858503 0.3885831735385244
896 -0.4063131267191922 -0.0007912295762758905 0.006858653966086692 0.39232015167566064
897 -0.4047263569677715 0.00008547829819815687 -0.0006730056580235226 0.38998457360337363
898 -0.4053073023931292 0.002371828296975682 -0.0036483548869539546 0.39112396396806376
899 -0.4072601115554459 0.0006608770746538396 -0.0037384605168047673 0.3892275239919499
900 -0.40621166179256596 -0.0014017406054806017 0.0030375432287746214 0.3926759376956281
901 -0.40553192107530767 -0.0028290066199253795 0.006776252941513481 0.394217698383126
902 -0.4081420838221558 -0.006773109366622612 -0.0017176185880038745 0.3915544946058275
903 -0.40835701279931336 -0.004438784044899365 0.002388836340748204 0.3869616410681739
904 -0.40637669324911485 -0.003216442617298815 0.0018358940402163281 0.38879994885060704
905 -0.4054040040197896 -0.0015613675953617288 -0.006172163067303797 0.3892579372611002
906 -0.4033844818573804 0.0073513328290228585 -0.004540268101073874 0.3937497708185808
907 -0.4017875191628513 -0.004621315519853942 -0.0002664452222817467 0.38441771432628297
908 -0.4018724538043125 0.0001095823467745646 0.00008143581167787003 0.3835566871695242
909 -0.40299128890414593 -0.0034148130447014553 0.00006823862510736135 0.38710947926161404
910 -0.4041428949830096 -0.006402591007766213 -0.0014238711974951376 0.3906088554389352
911 -0.4060246382472592 0.0011020775686804412 -0.0035281261819255835 0.38652117396911406
912 -0.4072959677216845 0.00009915446240947825 -0.0017901518984895018 0.38705314248657247
913 -0.408839395339805 -0.0025858909415935934 0.0027060669393557334 0.38922340391773974
914 -0.4081640212602606 0.0003962222304109421 -0.00015197907022864818 0.3898185498065227
915 -0.4074786316870795 -0.00020989131533124283 0.0012254243392095681 0.3890731606923808
916 -0.40803521359346157 -0.009436617062156878 0.0005752489900830287 0.39168509545456087
917 -0.40879006640298926 -0.006319485396738396 0.005009418102051364 0.3937086247620537
918 -0.40883770961359844 -0.004029282281248294 0.0005759579925761821 0.39689853274358466
919 -0.4078366268956325 -0.0031108499019745547 -0.0013847170987606144 0.3890256461724024
920 -0.407261087736516 0.0008513783985014267 -0.0007220783392519522 0.3885479730847295
921 -0.40879201020308437 0.0007834893748989219 -0.00892774896839083 0.38589044299983233
922 -0.40800261637192414 0.0009590812405234018 -0.0016364979019182406 0.38971521645508744
923 -0.4071294038432513 -0.004193213471905323 0.0006252731212517804 0.39002519037709066
924 -0.40903448095944983 -0.00010164590665840387 -0.002379424677673593 0.38998981266313704
925 -0.407789003056288 -0.0017293235278532085 -0.0029349323534682546 0.38306523890182503
926 -0.4069173575715583 0.0023153355320020804 -0.0018068198983298399 0.38950606824536055
927 -0.40680207227375975 -0.004013459352893924 -0.0014165630485930348 0.3844302316144971
928 -0.4062227589804 -0.004884666931772319 0.0029636799698851512 0.3872531378755167
929 -0.4082027559420347 -0.0019743186373976395 0.002107953937058812 0.389952769381536
930 -0.41013777537678064 0.002052503618423091 0.0003619877095860958 0.39167501779748365
931 -0.41097055655156034 -0.001176801212881625 0.003181870555201716 0.39331242596126276
932 -0.4089281792267133 0.001984267018394683 -0.004058720442485345 0.3880302437205683
933 -0.406412567546379 0.0018143379170983615 0.002010935556900864 0.3885295453592123
934 -0.40968471007586793 -0.0052836698238998584 -0.0009942737683852302 0.39292169708249436
935 -0.41077601651475165 -0.009171708851445061 -0.0009007411114003463 0.3932678987207174
936 -0.4082246774777014 -0.004875351497975371 0.0021185376661584272 0.39114840054857447
937 -0.4081356076718886 -0.003876795317244666 -0.0038367088408288214 0.3953001818564638
938 -0.4073887912412203 0.0011723831061163064 0.00024326247920596782 0.393132749033293
939 -0.40751099082618664 -0.0002433389200845754 0.0030866466976107844 0.38850686682625724
940 -0.4091944727497662 -0.00043997990816774257 0.001269241465958721 0.39025111180847666
941 -0.4077524500240086 0.0025628195734427863 -0.00006221716264608958 0.390418270818161
942 -0.407696822442906 -0.004275784081480677 0.0032872359335507093 0.39289244225730036
943 -0.4073462285900452 -0.002217844726771025 -0.0004468907862918284 0.3919391733314142
944 -0.4052553499829498 -0.002320536331287471 -0.0006074523172241838 0.3859943275836535
945 -0.4062985435464317 0.002057133004189899 0.0021891505832732495 0.38763725059420706
946 -0.40698038504748335 0.006646999288936271 0.004524297260244966 0.39053755229200554
947 -0.40747149506006086 -0.0013073194665309176 0.0021888658963877244 0.39117419592434666
948 -0.40792689726400255 -0.00021944329507528844 0.002027382259875915 0.39442072688002255
949 -0.4073519591697468 0.001366747665321583 0.0039391860011235725 0.3893889148024294
950 -0.4080457868882877 0.00132494482766161 0.0034515731814250663 0.3932519569819991
951 -0.4060642592507808 0.004402203543927795 -0.001421916246763419 0.3897253532503229
952 -0.4061731086985023 -0.0021706184330154057 0.0028883249737049733 0.3875929015822485
953 -0.4076473457617041 0.001058326166870086 0.0028864971862890155 0.3878620664975441
954 -0.40732789358755883 -0.0028570921279462225 0.004000559941441404 0.38364245608252406
955 -0.40648355335675984 0.003246198163709802 0.004014433037637905 0.39042759665466376
956 -0.40767750388923757 0.0047583385284959085 0.0002714559514794671 0.38866935853009305
957 -0.4055226756876603 -0.0008323136383107636 -0.0020591931177805322 0.38672374049734554
958 -0.4022036817651294 -0.0031307355002815557 0.004977458389957645 0.3879745255826481
959 -0.40418979937372435 -0.0010674708543450969 0.001814602781816537 0.3902132574624232
960 -0.40559604091578355 -0.0047411676090042916 0.0012930250587121748 0.3914822531107279
961 -0.4044378653643511 -0.011398775844430838 -0.003968581227174736 0.3908577641532119
962 -0.40527436728861715 -0.0023649537116437994 -0.0077486780952777225 0.39013751167919813
963 -0.4085168506170315 -0.0014898414855779888 -0.0026927360108407244 0.3904062654193672
964 -0.4073289717368162 0.00153328540845827 0.00038665227937586323 0.38969402969451045
965 -0.4059764313856367 -0.0015925889280054653 -0.0005107650739638983 0.3897047163423185
966 -0.4069077675068145 -0.004065677225062871 0.0030192474979415947 0.3886284602948455
967 -0.4078237569718074 0.001762145534261635 0.0019501098295655495 0.3942474790336623
968 -0.4078691522410062 -0.0035367846741857457 0.0009080786237229528 0.3884473781442877
969 -0.4099811755929706 -0.002598146991410714 -0.006508967901233259 0.3936860763488669
970 -0.40719405638065753 0.0024140979162868463 -0.0023109836752612236 0.39330056417319614
971 -0.4044582626258386 0.005731493497416529 -0.0012331763946945213 0.3897250212801852
972 -0.4075657759626777 0.0067408582428780915 -0.0011471412259092865 0.38900096559308234
973 -0.4057380478021558 0.005048490388254961 0.007582182075191791 0.3897451153385754
974 -0.40529532687366865 0.0033243282052978058 0.0045371891271374035 0.3903824255047437
975 -0.4051501962916154 -0.0015980192491349564 0.009389302396850872 0.3889784375314079
976 -0.40203369117662735 -0.0004965746686211278 0.002694841064607583 0.3874683082992659
977 -0.4058099188629945 0.0006405484451437332 0.0034278666506372584 0.39315673701466486
978 -0.40927126131776814 0.0033369230587631366 0.0022961307563691804 0.39029093230775
979 -0.4075344474696822 0.0019645965315791295 -0.0002748999777452726 0.3878456463469607
980 -0.4084267236253073 -0.0009246359665746937 -0.0010422217041832938 0.39001862726215053
981 -0.4077152357933599 -0.0017549245337954214 0.0008963777167734001 0.3943685513468347
982 -0.407383501112183 0.0002489722372031711 -0.0029799568690129677 0.3973223336820057
983 -0.40743785673679195 0.004433653375710787 -0.002311609470012343 0.38823933604059074
984 -0.40729595764685367 -0.0030063663392733302 -0.0024673249297092483 0.3855178809566011
985 -0.4079978244837796 -0.0009435628511322035 -0.0031081591555684874 0.3926435782845005
986 -0.407742819379348 -0.002286722204236111 0.006230468778647558 0.38907531601996714
987 -0.40879696666412196 -0.005028129882237372 0.0032004119659444458 0.3939254184077769
988 -0.4099549148626853 0.0017482396974400167 -0.004696224460652655 0.39173855050575535
989 -0.40744977998570786 -0.00565525260319137 -0.0022478446699777596 0.39279446846820304
990 -0.40428075505497785 0.00022647994710743718 0.0007332620584602157 0.3885568784767976
991 -0.40523898826182186 0.0035451176524530768 -0.000003217356517613158 0.388403988416415
992 -0.4086883592718067 0.0009082918176412459 -0.003360377944995629 0.39264959160502055
993 -0.40888831208144516 0.002547040534243826 0.0012544826557557805 0.3889819422414512
994 -0.4054607861092761 -0.003311459664056849 -0.001806539482175751 0.3873518916899748
995 -0.4071567515029427 -0.00684382076579093 -0.0036708461595859948 0.39160255150971535
996 -0.4101679333107722 0.0001570421746352553 -0.002133182533736515 0.39300162678201617
997 -0.40833464596432395 -0.00815166193883401 -0.00028709225960163893 0.3884285307884858
998 -0.4064985715481349 -0.03532736924413592 -0.0025861965177478175 0.3832095439627766
999 -0.4007405876272658 -0.12253952613405056 -0.002776482680849696 0.376721054244986
1000 -0.4369129102617596 -0.4015561417808268 0.0013656363144828989 0.34050060660844994
