
 100.01999999999668 -0.6765849750343937 -0.6766082281321661 -0.0010798525092723364 -0.009937442072011733 0.028993218129396044 0.028993218129396044 -0.010178212532885478 -0.01540095326825335 0.01406980496909566 0.012926274122705575 -0.0030618092640210042 0.00599804140435139
 239.76000000005484 -0.6665167455202031 -0.6671871752252608 -0.00043864748614713016 -0.003987922495547626 0.06719355326580309 0.06719355326580309 -0.0015500567749749707 -0.01503763000473745 0.07516581208170961 -0.004436090228262033 -0.0005258179512572716 0.05135669377499945
 500.01999999981484 -0.6728870760030781 -0.6730766313962351 -0.012408362289654211 -0.0011733222165364707 0.14822097821065314 0.14822097821065314 -0.006975221619884411 -0.007642794413815313 0.15767776602637124 -0.02792995726295471 0.006060864549534986 0.14565894356610504
 740.0199999996152 -0.687498797373957 -0.6877896312941953 0.01202648316952123 0.031010486623570588 0.2242866485398057 0.2242866485398057 0.01836627617565246 0.02108639896107858 0.22258261384154523 0.02688900499399117 0.03082003226444122 0.23317602677150753
 1000.019999999366 -0.6489386583239117 -0.6488016093454784 -0.03937494468434684 -0.006793891334765416 0.23654514296538293 0.23654514296538293 -0.0288475025124075 0.00840137156301016 0.2303388163097966 -0.033911731001457626 -0.019408016686965946 0.23779864802604248
 1240.0199999991266 -0.5777012421772054 -0.577390074181006 -0.04381666064661099 -0.002202345283191333 0.20726720665516463 0.20726720665516463 -0.03818273857112486 -0.0002678343806300625 0.20255470205083845 -0.039138570998891266 -0.0039021425342048582 0.21314749276625428
 1500.0199999989557 -0.497143201540899 -0.496262067345467 -0.04050184014318999 -0.005417950222850642 0.17523493855310163 0.17523493855310163 -0.04652243586979497 -0.0061115044491494176 0.17189871994852354 -0.03842311040667852 -0.012604761756880101 0.17860348953786573
 1740.0199999986503 -0.4043012350186416 -0.40469062247439413 0.007813244417913517 -0.03298924181963944 0.1389883346480174 0.1389883346480174 0.004495499407901133 -0.05008203438268625 0.13306118154410837 -0.005413659486670123 -0.03821102116916061 0.14436376982404708
 2000.0199999985243 -0.2525694542474751 -0.25305693603458423 -0.024448760796588982 -0.0030707454249013395 0.06837875038837761 0.06837875038837761 -0.030458162444644304 -0.009474830089267946 0.06695702021793294 -0.02903018395274875 -0.007484096198893369 0.06250314404501875
 2400.0199999980914 -0.06878476138853372 -0.06885997534225372 -0.009062550760364997 0.004388859787327341 0.012951402904179583 0.012951402904179583 -0.026536317935943316 0.007096293587848065 0.012127014744063755 0.008569763126813346 0.005891527971446247 -0.004746356279448992
 2800.019999997696 -0.014232758652885433 -0.014647223423951687 0.001151601801221072 -0.0021048058257819957 0.0013356304993404993 0.0013356304993404993 0.011358640720826324 -0.00756218002133703 0.02917860946620216 0.014137911399496819 -0.013284956035858686 0.011070717091697414
 3000.019999997629 -0.009084639572705368 -0.009261934839606136 -0.000643417774720351 0.002164473854600325 -0.00025257283850474416 -0.00025257283850474416 0.004499067515861101 -0.004433523292602389 0.00017501552882211006 0.000642082251850669 0.014607872691763345 -0.012755037658744476
 3500.019999996986 -0.0029762433326274485 -0.002728046334871396 -0.0024668533937730786 0.0001628879120501868 -0.0006815985811043698 -0.0006815985811043698 -0.004175784724642689 -0.01647780134651238 -0.014689992058596363 -0.012976092895157608 0.008592380476338875 -0.004390435343428725
 4000.0199999967435 -0.0005581519676641597 0.00016113508006537034 -0.00006719367542810555 -0.0008541551734706444 0.000993438549814897 0.000993438549814897 0.03802606124919881 -0.015443122366160997 -0.005590513918518757 0.0015918708930530354 0.004088848873668191 -0.005789293433610256
 5000.000000016178 0.0027051920864885615 0.0029697582348811747 0.0009386921759167827 0.0005607126992875104 -0.0005342671642840863 -0.0005342671642840863 -0.003672136580692241 -0.00027366538585277576 0.010609998575995292 -0.0041662088572439245 0.009796373500452512 0.006420045999145267
 6000.000000037897 -0.0027642748722722975 -0.0022196046736337725 -0.000008217599385584002 -0.004274149506793392 0.0006926814165250829 0.0006926814165250829 0.011724925582024566 -0.008565867711171708 -0.011747435490888839 -0.013558463864031594 0.006926877786927219 -0.007548545015014297
 7000.000000059718 0.006314870659036639 0.007384058191142635 0.005305223760674767 0.0018627962748465148 -0.0007612402864403768 -0.0007612402864403768 -0.00825956143052404 0.007737101181318001 0.019969590141437 0.023206749156342892 0.026856262296454117 0.006055230880763658
 8000.000000081927 -0.0058909949450156466 -0.00610166835472536 -0.002544855139441883 0.0008829418305941689 0.00012127890959620696 0.00012127890959620696 0.007372177787184885 0.001204176005693516 -0.014315698833635261 0.008864688995907368 0.0016307666734105203 -0.029627187491567973
 9000.0000001039 0.002448803622405733 0.00303254886885972 0.0011701167126793185 0.002111940853895806 -0.0018006970368343834 -0.0018006970368343834 0.011926087964749234 0.002853272326965854 -0.005126654968834808 -0.008911480076439606 0.00020953628685236496 -0.005535617181363464
 10000.00000012541 0.005062343511249354 0.00492909305720768 0.0012738839069613378 0.001964752773786761 -0.0007961311486517084 -0.0007961311486517084 -0.0012594346178227405 0.011756737799268514 -0.020389449895246284 -0.021454128437654527 0.02265149154360059 0.0015626433326721431
 11000.000000147596 -0.005258176301438461 -0.005060466875173745 -0.0030671784831813576 -0.0020900070003455323 0.0003082841670456923 0.0003082841670456923 -0.0016251159989799685 -0.0007268472793916489 -0.013649415947374871 -0.025841179684674358 0.01680165158313245 0.008588328650198459
 12000.00000016886 -0.0008894663962555677 -0.0011454668922827758 0.0023184287545344926 -0.00032775563884425207 0.0020703833010076874 0.0020703833010076874 -0.017593717946873214 -0.007920738293102903 -0.003511871612986596 0.008883851585482001 -0.010558140855972556 -0.023224625217144072
 13000.00000019029 -0.0035238589615126698 -0.0033438621203178177 -0.003508516700793202 -0.005346685736959102 0.0019444493924403348 0.0019444493924403348 -0.017951859218126125 -0.006545107103583851 -0.018323834562693007 0.001766783189036952 0.011733494608229342 0.026716724122989012
 14000.000000212409 0.0013230934464151369 0.0009294510682609838 0.0010244970532603146 0.0007734609906162157 -0.0004120326740652743 -0.0004120326740652743 0.00029016573829718456 0.020097148765840844 0.00004578290361412796 -0.01922340790138021 -0.038404205042662225 -0.016371892320462697
 15000.00000023468 -0.0005732035114762218 -0.0005681335398697523 -0.000400358558733249 -0.0008246114347982708 -0.00011030321233436632 -0.00011030321233436632 0.02645838947876963 -0.010541635747429159 0.00857427231770387 0.008159549017814112 -0.0035136134761313124 -0.013968524871506413
 16000.000000256847 -0.0030503831573426912 -0.0033549971351848743 -0.0025714263486726384 0.0032487136836342424 -0.0003483595863759807 -0.0003483595863759807 0.001182717363857894 -0.011884506623305709 -0.00257927803227861 0.009205626848759332 -0.0066685572414752065 0.012594095876023328
 17000.000000278615 -0.006624592099282845 -0.006682694162919192 -0.002775406718481189 0.000039601998784992974 -0.003423491365425534 -0.003423491365425534 -0.014484827576239092 -0.012581971553806331 -0.008522518385383178 -0.00782871521665497 -0.004037103785220908 0.0015501888747698222
 18000.00000030064 0.006357359022719809 0.0057147758680936266 0.0035220732124098455 0.0019644223408133376 0.0008773907178160631 0.0008773907178160631 0.03042772468123913 -0.00966159759103682 -0.003975810786605021 -0.004014964253355962 0.006510777738406892 0.006198145840490511
 19000.00000032115 -0.0008655334614152585 -0.000386690359430844 0.0016633908526751723 0.0015805231504836502 0.0013845235867718088 0.0013845235867718088 0.0020952977888851207 -0.008646914007465376 0.0078009699186793215 0.012584734983416187 0.014873513394918266 -0.0066078913822623896
 20000.000000343316 -0.0013260121225995235 -0.0007460767019609373 -0.0006970404220271579 -0.00026766389330688985 -0.0006928135579259204 -0.0006928135579259204 0.006071106538849915 -0.00671606758527632 0.013894088587223932 -0.006891922256704909 0.0014439934586978184 0.003707802554946855
